C*******************************************************************************
C
C                  INTEGRATED WATER FLOW MODEL (IWFM)
C
C*******************************************************************************
C       
C                     SURFACE FLOW DESTINATION DATA FILE
C                            Root Zone Component
C                            *** Version 4.12 ***
C
C
C             Project : C2VSim Fine Grid (C2VSimFG)
C                       California Central Valley Groundwater-Surface Water Simulation Model  
C             Filename: C2VSimFG_SurfFlowDest.dat
C             Version:  C2VSimFG v1.5
C
C*******************************************************************************
C
C  California Central Valley Groundwater-Surface Water Flow Model - Fine Grid (C2VSimFG)
C  Copyright (C) 2003-2025
C  State of California, Department of Water Resources 
C
C  This model is free: you can redistribute it and/or modify it 
C  under the terms of the GNU General Public License as published 
C  by the Free Software Foundation, either version 3 of the License, 
C  or (at your option) any later version.
C
C  This model is distributed in the hope that it will be useful, but  
C  WITHOUT ANY WARRANTY; without even the implied warranty of MERCHANTABILITY
C  or FITNESS FOR A PARTICULAR PURPOSE. See the GNU General Public 
C  License for more details.
C
C  You should have received a copy of the GNU General Public License 
C  along with this model. If not, see (https://www.gnu.org/licenses/).
C
C  For technical support, e-mail: IWFMtechsupport@water.ca.gov 
C
C*******************************************************************************
C                              File Description
C
C   This data file contains a set of data pairs to represent the destinations 
C   for surface flows (return flow, rainfall runoff and pond drainage from 
C   ponded crops). 
C   
C*******************************************************************************
C                       Surface Flow Destinations
C   
C
C   NDSTN  ; Number of destination data columns
C   NSPDSTN; Number of time steps to update the flow destination data 
C             * Enter any number if time-tracking option is on
C   NFQDSTN; Repetition frequency of the flow destination data 
C             * Enter 0 if full time series data is supplied
C             * Enter any number if time-tracking option is on
C
C------------------------------------------------------------------------------
C    VALUE                                           DESCRIPTION
C------------------------------------------------------------------------------
      619                                            / NDSTN
      1                                              / NSPDSTN
      0                                              / NFQDSTN
C-------------------------------------------------------------------------------
C   Each data column below is one distinct destination (TYPDST,DSTN) pair:
C     column 1 = (0,0) -> surface flow leaves the model (outside/evaporation);
C     remaining columns = (1,stream node), in ascending stream-node order.
C   Elements reference these columns through ICDSTAG / ICDSTURBIN / ICDSTURBOUT /
C   ICDSTNVRV in RootZone\C2VSimFG_RootZone.dat.
C-------------------------------------------------------------------------------
 12/31/2100_24:00 (0,0) (1,284) (1,293) (1,294) (1,300) (1,308) (1,310) (1,324) (1,351) (1,352) (1,357) (1,365) (1,374) (1,375) (1,377) (1,379) (1,392) (1,400) (1,416) (1,427) (1,443) (1,444) (1,449) (1,456) (1,473) (1,483) (1,500) (1,514) (1,520) (1,528) (1,533) (1,535) (1,543) (1,546) (1,552) (1,556) (1,574) (1,583) (1,587) (1,597) (1,600) (1,611) (1,621) (1,631) (1,632) (1,633) (1,650) (1,655) (1,661) (1,667) (1,670) (1,673) (1,674) (1,679) (1,684) (1,697) (1,706) (1,720) (1,725) (1,730) (1,731) (1,745) (1,753) (1,766) (1,768) (1,776) (1,786) (1,787) (1,806) (1,839) (1,863) (1,879) (1,894) (1,895) (1,903) (1,905) (1,913) (1,918) (1,926) (1,937) (1,945) (1,951) (1,955) (1,966) (1,990) (1,993) (1,1004) (1,1010) (1,1031) (1,1042) (1,1051) (1,1056) (1,1061) (1,1065) (1,1068) (1,1072) (1,1075) (1,1085) (1,1093) (1,1094) (1,1096) (1,1097) (1,1100) (1,1103) (1,1109) (1,1114) (1,1116) (1,1121) (1,1130) (1,1131) (1,1138) (1,1147) (1,1158) (1,1165) (1,1173) (1,1181) (1,1197) (1,1199) (1,1203) (1,1210) (1,1216) (1,1221) (1,1225) (1,1231) (1,1264) (1,1268) (1,1276) (1,1280) (1,1284) (1,1290) (1,1307) (1,1323) (1,1337) (1,1348) (1,1357) (1,1363) (1,1426) (1,1433) (1,1445) (1,1463) (1,1475) (1,1478) (1,1486) (1,1492) (1,1506) (1,1515) (1,1527) (1,1538) (1,1581) (1,1590) (1,1591) (1,1593) (1,1594) (1,1598) (1,1602) (1,1606) (1,1609) (1,1611) (1,1616) (1,1618) (1,1641) (1,1645) (1,1646) (1,1648) (1,1652) (1,1653) (1,1655) (1,1656) (1,1658) (1,1660) (1,1662) (1,1664) (1,1667) (1,1670) (1,1673) (1,1674) (1,1677) (1,1678) (1,1696) (1,1698) (1,1700) (1,1705) (1,1712) (1,1715) (1,1717) (1,1723) (1,1725) (1,1730) (1,1737) (1,1750) (1,1752) (1,1756) (1,1761) (1,1762) (1,1768) (1,1775) (1,1789) (1,1795) (1,1802) (1,1816) (1,1828) (1,1832) (1,1836) (1,1838) (1,1842) (1,1850) (1,1866) (1,1876) (1,1880) (1,1896) (1,1902) (1,1909) (1,1911) (1,1918) (1,1929) (1,1936) (1,1942) (1,1949) (1,1958) (1,1959) (1,1963) (1,1974) (1,1978) (1,1986) (1,2004) (1,2005) (1,2016) (1,2026) (1,2038) (1,2043) (1,2048) (1,2063) (1,2073) (1,2080) (1,2084) (1,2087) (1,2090) (1,2095) (1,2099) (1,2109) (1,2114) (1,2117) (1,2119) (1,2129) (1,2131) (1,2136) (1,2138) (1,2142) (1,2147) (1,2160) (1,2164) (1,2169) (1,2173) (1,2176) (1,2193) (1,2204) (1,2213) (1,2221) (1,2224) (1,2234) (1,2239) (1,2241) (1,2242) (1,2247) (1,2249) (1,2253) (1,2261) (1,2262) (1,2266) (1,2267) (1,2270) (1,2274) (1,2277) (1,2284) (1,2289) (1,2310) (1,2333) (1,2337) (1,2339) (1,2343) (1,2344) (1,2347) (1,2349) (1,2364) (1,2368) (1,2384) (1,2399) (1,2411) (1,2428) (1,2431) (1,2441) (1,2449) (1,2454) (1,2459) (1,2468) (1,2475) (1,2480) (1,2482) (1,2485) (1,2489) (1,2498) (1,2503) (1,2526) (1,2527) (1,2532) (1,2539) (1,2555) (1,2558) (1,2561) (1,2567) (1,2569) (1,2577) (1,2590) (1,2592) (1,2614) (1,2615) (1,2616) (1,2622) (1,2636) (1,2641) (1,2645) (1,2646) (1,2648) (1,2655) (1,2662) (1,2670) (1,2674) (1,2679) (1,2684) (1,2692) (1,2700) (1,2709) (1,2711) (1,2715) (1,2717) (1,2718) (1,2719) (1,2722) (1,2726) (1,2728) (1,2731) (1,2732) (1,2733) (1,2735) (1,2738) (1,2742) (1,2747) (1,2752) (1,2753) (1,2754) (1,2758) (1,2762) (1,2766) (1,2773) (1,2787) (1,2788) (1,2789) (1,2801) (1,2803) (1,2806) (1,2810) (1,2813) (1,2822) (1,2828) (1,2829) (1,2833) (1,2837) (1,2842) (1,2844) (1,2845) (1,2848) (1,2853) (1,2859) (1,2864) (1,2871) (1,2878) (1,2886) (1,2890) (1,2896) (1,2900) (1,2905) (1,2909) (1,2918) (1,2928) (1,2936) (1,2949) (1,2959) (1,2960) (1,2962) (1,2964) (1,2966) (1,2969) (1,2970) (1,2972) (1,2976) (1,2982) (1,2991) (1,2993) (1,2994) (1,2996) (1,3000) (1,3003) (1,3004) (1,3005) (1,3008) (1,3009) (1,3015) (1,3018) (1,3025) (1,3030) (1,3036) (1,3045) (1,3055) (1,3060) (1,3067) (1,3071) (1,3077) (1,3079) (1,3080) (1,3085) (1,3088) (1,3095) (1,3102) (1,3106) (1,3113) (1,3126) (1,3136) (1,3142) (1,3148) (1,3156) (1,3163) (1,3165) (1,3170) (1,3173) (1,3179) (1,3181) (1,3193) (1,3194) (1,3195) (1,3205) (1,3208) (1,3214) (1,3221) (1,3227) (1,3236) (1,3242) (1,3246) (1,3254) (1,3260) (1,3261) (1,3263) (1,3268) (1,3271) (1,3274) (1,3278) (1,3281) (1,3284) (1,3289) (1,3301) (1,3303) (1,3312) (1,3320) (1,3324) (1,3330) (1,3335) (1,3341) (1,3344) (1,3345) (1,3346) (1,3347) (1,3348) (1,3350) (1,3354) (1,3362) (1,3366) (1,3368) (1,3378) (1,3385) (1,3399) (1,3421) (1,3427) (1,3433) (1,3439) (1,3442) (1,3446) (1,3447) (1,3452) (1,3453) (1,3455) (1,3469) (1,3470) (1,3474) (1,3480) (1,3481) (1,3482) (1,3494) (1,3500) (1,3514) (1,3523) (1,3533) (1,3538) (1,3555) (1,3558) (1,3573) (1,3604) (1,3741) (1,3743) (1,3750) (1,3753) (1,3754) (1,3759) (1,3761) (1,3763) (1,3764) (1,3766) (1,3770) (1,3781) (1,3784) (1,3785) (1,3789) (1,3791) (1,3797) (1,3798) (1,3804) (1,3809) (1,3816) (1,3817) (1,3818) (1,3823) (1,3825) (1,3834) (1,3857) (1,3868) (1,3870) (1,3882) (1,3887) (1,3904) (1,3920) (1,3926) (1,3927) (1,3928) (1,3930) (1,3935) (1,3938) (1,3943) (1,3952) (1,3959) (1,3967) (1,3975) (1,3986) (1,3988) (1,4003) (1,4017) (1,4018) (1,4022) (1,4027) (1,4034) (1,4039) (1,4047) (1,4058) (1,4063) (1,4068) (1,4078) (1,4086) (1,4087) (1,4101) (1,4102) (1,4103) (1,4104) (1,4111) (1,4122) (1,4144) (1,4146) (1,4180) (1,4181) (1,4197) (1,4216) (1,4228) (1,4237) (1,4256) (1,4259) (1,4267) (1,4268) (1,4272) (1,4290) (1,4301) (1,4330) (1,4340) (1,4360) (1,4381) (1,4382) (1,4389) (1,4406) (1,4436) (1,4461) (1,4462) (1,4471) (1,4476) (1,4509) (1,4517) (1,4528) (1,4530) (1,4535) (1,4548) (1,4558) (1,4561) (1,4563) (1,4569) (1,4574) (1,4585) (1,4591) (1,4596) (1,4599) (1,4603) (1,4613) (1,4619) (1,4621) (1,4627) (1,4634)
