#4.0
C *** DO NOT DELETE ABOVE LINE ***
C
C*******************************************************************************
C
C                  INTEGRATED WATER FLOW MODEL (IWFM)
C                      *** IWFM-2024.2.1594 ***
C
C*******************************************************************************
C
C              TILE DRAIN AND SUB_IRRIGATION PARAMETER DATA FILE
C                         Tile Drain Component
C
C             Project:  C2VSim Fine Grid (C2VSimFG)
C                       California Central Valley Groundwater-Surface Water Simulation Model
C             Filename: C2VSimFG_TileDrain.dat
C             Version:  C2VSimFG_v1.5     May 2025
C             
C*******************************************************************************
C
C                         ***** Version 1.5 Model Disclaimer *****
C
C          This is Version 1.5 of C2VSimFG and is subject to change.  Users of
C          this version should be aware that this model is undergoing active
C          development and adjustment. Users of this model do so at their own
C          risk subject to the GNU General Public License below. The Department 
C          does not guarantee the accuracy, completeness, or timeliness of the 
C          information provided. Neither the Department of Water Resources nor 
C          any of the sources of the information used by the Department in the
C          development of this model shall be responsible for any errors or 
C          omissions, for the use, or results obtained from the use of this model.
C
C*******************************************************************************
C
C  California Central Valley Groundwater-Surface Water Flow Model - Fine Grid (C2VSimFG)
C  Copyright (C) 2012-2025
C  State of California, Department of Water Resources
C
C  This model is free. You can redistribute it and/or modify it
C  under the terms of the GNU General Public License as published
C  by the Free Software Foundation; either version 2 of the License,
C  or (at your option) any later version.
C
C  This model is distributed WITHOUT ANY WARRANTY; without even
C  the implied warranty of MERCHANTABILITY or FITNESS FOR A
C  PARTICULAR PURPOSE.  See the GNU General Public License for
C  more details. (http://www.gnu.org/licenses/gpl.html)
C
C  The GNU General Public License is available from the Free Software
C  Foundation, Inc., 59 Temple Place - Suite 330, Boston, MA  02111-1307, USA.
C
C  For technical support, e-mail: C2VSimFGtechsupport@water.ca.gov
C
C
C    C2VSimFG/SGMA Contact:
C          Craig Altare,  Section Manager, Modeling and Tools Support, 
C                         Sustainable Groundwater Management Office, DWR
C            craig.altare@water.ca.gov
C
C
C    IWFM Contact:
C          Emin Can Dogrul PhD, PE, Senior Engineer, DWR
C            can.dogrul@water.ca.gov
C
C*******************************************************************************
C                          File Description:
C
C   This data file contains tile drain and subsurface irrigation parameter values.
C
C*******************************************************************************
C                  Tile Drain Data Specifications
C
C   NTD    ; Number of groundwater nodes with tile drains
C   FACTH  ; Conversion factor for tile drain elevations
C   FACTCDC; Conversion factor for tile drain conductances
C            It is used to convert only the spatial component of the unit; 
C             DO NOT include the conversion factor for time component of the unit.
C             * e.g. Unit of conductance listed in this file = AC/MONTH
C                    Consistent unit used in simulation      = SQ.FT/DAY 
C                    Enter FACTQ (AC/MONTH -> SQ.FT/MONTH)   = 2.29568E-05 
C                     (conversion of MONTH -> DAY is performed automatically) 
C   TUNITDR; Time unit of conductance.  This should be one of the units 
C            recognized by HEC-DSS that are listed in the Main Control File.  
C-------------------------------------------------------------------------------
C       VALUE                   DESCRIPTION
C-------------------------------------------------------------------------------
        1162                      /NTD
        1.0                      /FACTH
        60.0                     /FACTCDC  (convert ft^2/sec to ft^2/min)
        1MIN                     /TUNITDR
C-------------------------------------------------------------------------------
C                     Tile Drain Parameters
C
C   The following lists the groundwater node number, elevation and conductance 
C   for each tile drain. The destination type and destination ID that the tile  
C   drain flows into is also listed.
C
C   IDDR   ; Tile drain ID in sequential order
C   NODEDR ; Groundwater node number corresponding to the tile drain
C   ELEVDR ; Elevation of the drain; [L]
C   CDCDR  ; Hydraulic conductance of the interface between the aquifer and 
C             the drain; [L^2/T]
C   TYPDST ; Destination type for drain flow
C              0 = Drain flow goes outside the model domain
C              1 = Drain flow goes to stream node DST (see below)
C   DST   ;  Destination number for drain flow
C              * Note: Enter any number if TYPDST is 0
C
C-------------------------------------------------------------------------------
C
C    10-6-2017, removed GW node 18715 as tile drain node because it is also a stream node. Caused model to crash.
C    Crashes at TS1, Severe (157) Program exception access violation
C-------------------------------------------------------------------------------
C   IDDR      NODEDR    ELEVDR          CDCDR   TYPDST  DST
C-------------------------------------------------------------------------------
    1    17998    214.434    0.045    1    1703
    2    17999    162.756    0.045    1    1703
    3    18134    228.624    0.045    1    1703
    4    18135    159.842    0.045    1    1703
    5    18136    142.357    0.045    1    1703
    6    18206    228.364    0.045    1    1703
    7    18207    167.025    0.045    1    1703
    8    18208    160.431    0.045    1    1703
    9    18209    152.885    0.045    1    1703
    10    18210    142.386    0.045    1    1703
    11    18279    208.731    0.045    1    1703
    12    18280    176.179    0.045    1    1703
    13    18281    171.257    0.045    1    1703
    14    18282    162.002    0.045    1    1703
    15    18283    162.397    0.045    1    1703
    16    18357    194.55    0.045    1    1703
    17    18358    181.756    0.045    1    1703
    18    18359    210.676    0.045    1    1703
    19    18360    185.827    0.045    1    1703
    20    18361    169.512    0.045    1    1703
    21    18362    158.79    0.045    1    1703
    22    18434    215.779    0.045    1    1703
    23    18435    184.884    0.045    1    1703
    24    18436    168.769    0.045    1    1703
    25    18437    162.071    0.045    1    1703
    26    18438    157.059    0.045    1    1703
    27    18514    211.723    0.045    1    1703
    28    18515    185.863    0.045    1    1703
    29    18516    174.969    0.045    1    1703
    30    18517    169.807    0.045    1    1703
    31    18520    140.627    0.045    1    1703
    32    18609    202.48    0.045    1    1703
    33    18610    186.845    0.045    1    1703
    34    18611    182.609    0.045    1    1703
    35    18612    182.729    0.045    1    1703
    36    18613    168.173    0.045    1    1703
    37    18616    149.372    0.045    1    1703
    38    18617    137.675    0.045    1    1703
    39    18716    205.545    0.045    1    1703
    40    18717    196.359    0.045    1    1703
    41    18718    192.123    0.045    1    1703
    42    18719    193.764    0.045    1    1703
    43    18720    189.584    0.045    1    1703
    44    18721    173.755    0.045    1    1703
    45    18722    170.798    0.045    1    1703
    46    18723    158.679    0.045    1    1703
    47    18725    145.877    0.045    1    1703
    48    18726    144.236    0.045    1    1703
    49    18727    134.219    0.045    1    1703
    50    18821    224.25    0.045    1    1703
    51    18822    219.977    0.045    1    1703
    52    18823    212.435    0.045    1    1703
    53    18824    208.806    0.045    1    1703
    54    18825    210.224    0.045    1    1703
    55    18826    206.231    0.045    1    1703
    56    18827    201.31    0.045    1    1703
    57    18828    185.89    0.045    1    1703
    58    18829    186.218    0.045    1    1703
    59    18830    174.079    0.045    1    1703
    60    18831    158.671    0.045    1    1703
    61    18832    158.021    0.045    1    1703
    62    18833    145.877    0.045    1    1703
    63    18834    136.034    0.045    1    1703
    64    18835    138.59    0.045    1    1703
    65    18928    251.829    0.045    1    1703
    66    18929    244.208    0.045    1    1703
    67    18930    254.48    0.045    1    1703
    68    18931    230.808    0.045    1    1703
    69    18932    217.223    0.045    1    1703
    70    18933    226.572    0.045    1    1703
    71    18934    222.939    0.045    1    1703
    72    18935    215.417    0.045    1    1703
    73    18936    212.465    0.045    1    1703
    74    18937    197.244    0.045    1    1703
    75    18938    193.436    0.045    1    1703
    76    18939    181.297    0.045    1    1703
    77    18940    171.126    0.045    1    1703
    78    18941    159.286    0.045    1    1703
    79    18942    149.295    0.045    1    1703
    80    18943    142.593    0.045    1    1703
    81    18944    150.798    0.045    1    1703
    82    18945    140.299    0.045    1    1703
    83    19057    289.626    0.045    1    1703
    84    19063    224.276    0.045    1    1703
    85    19064    215.414    0.045    1    1703
    86    19065    205.903    0.045    1    1703
    87    19067    184.626    0.045    1    1703
    88    19068    182.827    0.045    1    1703
    89    19069    171.126    0.045    1    1703
    90    19070    159.776    0.045    1    1703
    91    19071    154.013    0.045    1    1703
    92    19072    148.214    0.045    1    1703
    93    19073    141.954    0.045    1    1703
    94    19196    198.638    0.045    1    1703
    95    19197    187.281    0.045    1    1703
    96    19198    176.457    0.045    1    1703
    97    19199    173.833    0.045    1    1703
    98    19200    172.526    0.045    1    1703
    99    19201    160.437    0.045    1    1703
    100    19203    151.802    0.045    1    1703
    101    19205    141.024    0.045    1    1703
    102    19309    206.633    0.045    1    1703
    103    19310    190.246    0.045    1    1703
    104    19311    176.457    0.045    1    1703
    105    19314    160.48    0.045    1    1703
    106    19417    179.909    0.045    1    1703
    107    19418    168.912    0.045    1    1703
    108    19527    174.232    0.045    1    1703
    109    19644    175.473    0.045    1    1703
    110    19645    177.751    0.045    1    1703
    111    19742    165.302    0.045    1    1703
    112    19743    166.287    0.045    1    1703
    113    9518    11.05    7.5    1    4463
    114    9519    9.54    7.5    1    4463
    115    9523    19.39    7.5    1    4463
    116    9623    11.22    7.5    1    4463
    117    9624    19.16    7.5    1    4463
    118    9625    19.2    7.5    1    4463
    119    9627    19.25    7.5    1    4463
    120    9628    19.3    7.5    1    4463
    121    9629    19.34    7.5    1    4463
    122    9630    4.02    7.5    1    4463
    123    9631    6.55    7.5    1    4463
    124    9632    4.34    7.5    1    4463
    125    9724    20.1    7.5    1    4463
    126    9725    16.4    7.5    1    4463
    127    9734    8.17    7.5    1    4463
    128    9910    9.34    7.5    1    4530
    129    9911    16.53    7.5    1    4530
    130    9917    0.49    7.5    1    4530
    131    9936    12.14    7.5    1    4530
    132    10021    9.53    7.5    1    4530
    133    10022    15.91    7.5    1    4530
    134    10023    15.97    7.5    1    4530
    135    10024    16.19    7.5    1    4530
    136    10026    6.3    7.5    1    4530
    137    10027    7.62    7.5    1    4530
    138    10028    2.49    7.5    1    4530
    139    10029    3.38    7.5    1    4530
    140    10030    3.62    7.5    1    4530
    141    10037    13.5    7.5    1    4530
    142    10039    10.7    7.5    1    4530
    143    10040    11.54    7.5    1    4530
    144    10043    11.94    7.5    1    4530
    145    10044    12.74    7.5    1    4530
    146    10045    11.94    7.5    1    4530
    147    10046    10.54    7.5    1    4530
    148    10047    10.66    7.5    1    4530
    149    10048    10.54    7.5    1    4530
    150    10049    10.54    7.5    1    4530
    151    10133    8.05    7.5    1    4537
    152    10134    7.38    7.5    1    4537
    153    10135    7.75    7.5    1    4537
    154    10136    7.52    7.5    1    4537
    155    10137    5.17    7.5    1    4537
    156    10138    3.09    7.5    1    4537
    157    10139    2.49    7.5    1    4537
    158    10140    2.59    7.5    1    4537
    159    10147    13.4    7.5    1    4537
    160    10148    7.64    7.5    1    4537
    161    10149    9.47    7.5    1    4537
    162    10152    10.54    7.5    1    4537
    163    10153    10.53    7.5    1    4537
    164    10154    10.55    7.5    1    4537
    165    10242    11.12    7.5    1    4537
    166    10243    9.72    7.5    1    4537
    167    10244    7.22    7.5    1    4537
    168    10245    6.82    7.5    1    4537
    169    10246    6.12    7.5    1    4537
    170    10247    4.04    7.5    1    4537
    171    10248    4.2    7.5    1    4537
    172    10249    3.47    7.5    1    4537
    173    10250    2.29    7.5    1    4537
    174    10251    2.27    7.5    1    4537
    175    10260    16.15    7.5    1    4537
    176    10261    9.8    7.5    1    4540
    177    10265    24.92    7.5    1    4540
    178    10354    15.5    7.5    1    4540
    179    10358    11.82    7.5    1    4540
    180    10359    12.09    7.5    1    4540
    181    10360    6.81    7.5    1    4540
    182    10361    7.61    7.5    1    4540
    183    10362    4.89    7.5    1    4540
    184    10363    2.76    7.5    1    4540
    185    10364    3.43    7.5    1    4540
    186    10366    2.49    7.5    1    4540
    187    10368    2.49    7.5    1    4540
    188    10369    2.49    7.5    1    4540
    189    10373    2.29    7.5    1    4540
    190    10376    3.61    7.5    1    4540
    191    10378    7.81    7.5    1    4540
    192    10379    6.93    7.5    1    4540
    193    10473    4.57    7.5    1    4540
    194    10474    6.97    7.5    1    4540
    195    10475    5.07    7.5    1    4540
    196    10476    7.37    7.5    1    4540
    197    10477    15.46    7.5    1    4540
    198    10478    5.53    7.5    1    4264
    199    10479    9.35    7.5    1    4264
    200    10480    9.07    7.5    1    4264
    201    10481    8.82    7.5    1    4264
    202    10482    10.65    7.5    1    4264
    203    10483    6.18    7.5    1    4264
    204    10484    4.53    7.5    1    4264
    205    10494    2.09    7.5    1    4264
    206    10495    0.49    7.5    1    4276
    207    10496    -1.95    7.5    1    4276
    208    10497    -1.68    7.5    1    4276
    209    10498    7.34    7.5    1    4276
    210    10499    5.06    7.5    1    4276
    211    10500    2.49    7.5    1    4276
    212    10501    3.91    7.5    1    4276
    213    10582    2.44    7.5    1    4276
    214    10584    2.02    7.5    1    4276
    215    10585    -1.22    7.5    1    4276
    216    10586    1.97    7.5    1    4276
    217    10587    1.17    7.5    1    4276
    218    10588    2.37    7.5    1    4276
    219    10589    1.77    7.5    1    4276
    220    10590    2.97    7.5    1    4276
    221    10591    4.57    7.5    1    4276
    222    10592    15.38    7.5    1    4276
    223    10593    15.39    7.5    1    4276
    224    10594    15.41    7.5    1    4276
    225    10595    2.8    7.5    1    4276
    226    10596    4.47    7.5    1    4276
    227    10597    4.38    7.5    1    4276
    228    10598    6.97    7.5    1    4276
    229    10599    5.88    7.5    1    4276
    230    10600    2.91    7.5    1    4276
    231    10609    1.69    7.5    1    4280
    232    10610    -0.51    7.5    1    4280
    233    10611    0.55    7.5    1    4280
    234    10612    1.29    7.5    1    4280
    235    10613    -0.27    7.5    1    4280
    236    10614    -5    7.5    1    4280
    237    10615    -1.7    7.5    1    4280
    238    10616    0.69    7.5    1    4280
    239    10617    2.99    7.5    1    4280
    240    10618    -0.61    7.5    1    4280
    241    10703    2.44    7.5    1    4280
    242    10704    1.35    7.5    1    4280
    243    10705    2.47    7.5    1    4280
    244    10706    -6.9    7.5    1    4280
    245    10707    -1.19    7.5    1    4280
    246    10708    -6.9    7.5    1    4280
    247    10712    15.38    7.5    1    4280
    248    10713    15.37    7.5    1    4280
    249    10714    15.38    7.5    1    4280
    250    10715    2.77    7.5    1    4284
    251    10716    3.46    7.5    1    4284
    252    10717    2.57    7.5    1    4284
    253    10718    2.57    7.5    1    4284
    254    10719    3.27    7.5    1    4284
    255    10720    2.77    7.5    1    4284
    256    10721    2.62    7.5    1    4284
    257    10726    12.53    7.5    1    4284
    258    10727    14.98    7.5    1    4284
    259    10728    1.62    7.5    1    4284
    260    10729    1.59    7.5    1    4284
    261    10730    -0.05    7.5    1    4284
    262    10731    -2.41    7.5    1    4284
    263    10732    -2.11    7.5    1    4284
    264    10733    -1.21    7.5    1    4284
    265    10734    -1.82    7.5    1    4284
    266    10735    -1.6    7.5    1    4284
    267    10736    1.26    7.5    1    4284
    268    10738    -1.41    7.5    1    4284
    269    10739    -5.3    7.5    1    4284
    270    10740    -1.51    7.5    1    4284
    271    10823    0.47    7.5    1    4284
    272    10824    -5.19    7.5    1    4284
    273    10825    -6.9    7.5    1    4555
    274    10826    -0.13    7.5    1    4555
    275    10827    -6.9    7.5    1    4555
    276    10835    1.79    7.5    1    4555
    277    10836    1.97    7.5    1    4555
    278    10837    1.98    7.5    1    4555
    279    10838    2.47    7.5    1    4555
    280    10839    6.24    7.5    1    4555
    281    10841    3.54    7.5    1    4555
    282    10848    10.94    7.5    1    4555
    283    10849    6.23    7.5    1    4555
    284    10850    8.14    7.5    1    4555
    285    10851    3.03    7.5    1    4287
    286    10852    4.66    7.5    1    4287
    287    10853    8.81    7.5    1    4287
    288    10854    7.38    7.5    1    4287
    289    10855    1.46    7.5    1    4287
    290    10856    -1.64    7.5    1    4287
    291    10857    -5    7.5    1    4287
    292    10858    1.77    7.5    1    4287
    293    10859    -1.01    7.5    1    4287
    294    10860    0.84    7.5    1    4287
    295    10861    2.35    7.5    1    4287
    296    10862    4.75    7.5    1    4287
    297    10952    -5    7.5    1    4287
    298    10953    -5    7.5    1    4287
    299    10954    -5    7.5    1    4287
    300    10955    -2.44    7.5    1    4287
    301    10956    -2.12    7.5    1    4287
    302    10957    -2.44    7.5    1    4287
    303    10966    5.48    7.5    1    4287
    304    10972    3.81    7.5    1    4287
    305    10973    12.43    7.5    1    4287
    306    10974    9.09    7.5    1    4287
    307    10975    4.8    7.5    1    4290
    308    10977    2.23    7.5    1    4290
    309    10978    2.34    7.5    1    4290
    310    10980    4.24    7.5    1    4290
    311    10981    4.44    7.5    1    4290
    312    10982    2.83    7.5    1    4290
    313    10983    0.65    7.5    1    4290
    314    10984    0.37    7.5    1    4290
    315    10985    1.89    7.5    1    4290
    316    10986    2.85    7.5    1    4290
    317    10987    2.49    7.5    1    4290
    318    11074    -2.16    7.5    1    4290
    319    11075    -2.49    7.5    1    4290
    320    11076    -5.9    7.5    1    4290
    321    11077    -7.08    7.5    1    4290
    322    11096    7.07    7.5    1    4290
    323    11097    8.16    7.5    1    4290
    324    11098    7.71    7.5    1    4290
    325    11099    0.84    7.5    1    4290
    326    11103    1.92    7.5    1    4290
    327    11106    2.04    7.5    1    4290
    328    11107    1.82    7.5    1    4290
    329    11108    -1.54    7.5    1    4290
    330    11109    -2.23    7.5    1    4290
    331    11110    3.63    7.5    1    4290
    332    11221    10.63    7.5    1    4290
    333    11222    11.07    7.5    1    4292
    334    11223    7.58    7.5    1    4292
    335    11224    0.23    7.5    1    4292
    336    11225    0.21    7.5    1    4292
    337    11226    2.14    7.5    1    4292
    338    11227    -2.27    7.5    1    4292
    339    11229    -2.33    7.5    1    4292
    340    11230    -0.37    7.5    1    4292
    341    11231    -5.53    7.5    1    4292
    342    11232    -2.39    7.5    1    4292
    343    11233    2.14    7.5    1    4292
    344    11234    6.34    7.5    1    4292
    345    11240    -5.15    7.5    1    4292
    346    11364    -7.09    7.5    1    4292
    347    11366    -5.99    7.5    1    4292
    348    11367    -5.3    7.5    1    4292
    349    11371    -1.43    7.5    1    4292
    350    11372    5.13    7.5    1    4292
    351    11373    0.04    7.5    1    4292
    352    11374    -1.67    7.5    1    4292
    353    11375    -1.06    7.5    1    4297
    354    11376    -5.05    7.5    1    4297
    355    11377    -1.94    7.5    1    4297
    356    11379    0.24    7.5    1    4297
    357    11380    -7.87    7.5    1    4297
    358    11381    -6.96    7.5    1    4297
    359    11382    -6.61    7.5    1    4297
    360    11383    -0.97    7.5    1    4297
    361    11385    -2.57    7.5    1    4297
    362    11386    2.67    7.5    1    4297
    363    11516    -6.09    7.5    1    4297
    364    11517    -6.52    7.5    1    4297
    365    11519    -6.43    7.5    1    4297
    366    11520    -5.52    7.5    1    4297
    367    11521    -6.6    7.5    1    4297
    368    11522    -7.2    7.5    1    4297
    369    11524    -5    7.5    1    4297
    370    11525    -5    7.5    1    4297
    371    11526    -5    7.5    1    4297
    372    11527    -0.9    7.5    1    4297
    373    11528    -5.8    7.5    1    4297
    374    11529    1.73    7.5    1    4297
    375    11531    -2.53    7.5    1    4297
    376    11532    -7.27    7.5    1    4297
    377    11533    -7.66    7.5    1    4297
    378    11534    -7.47    7.5    1    4297
    379    11535    2.04    7.5    1    4297
    380    11536    -5.83    7.5    1    4297
    381    11632    -5    7.5    1    4298
    382    11634    -1.34    7.5    1    4298
    383    11635    -1.68    7.5    1    4298
    384    11660    -8.87    7.5    1    4298
    385    11663    -5.15    7.5    1    4298
    386    11664    -5.81    7.5    1    4298
    387    11667    -8.07    7.5    1    4298
    388    11668    -10.02    3.5    1    4298
    389    11669    -9.67    7.5    1    4298
    390    11670    -7.31    7.5    1    4298
    391    11671    -7.3    7.5    1    4298
    392    11672    -7.37    7.5    1    4298
    393    11673    -7.27    7.5    1    4298
    394    11674    -5.76    7.5    1    4298
    395    11675    -5.79    7.5    1    4298
    396    11676    1.45    7.5    1    4298
    397    11677    4.07    7.5    1    4300
    398    11678    -6.13    7.5    1    4300
    399    11680    -2.25    7.5    1    4300
    400    11681    -5.54    7.5    1    4300
    401    11682    -12.37    3.5    1    4300
    402    11683    -7.14    7.5    1    4300
    403    11684    5.33    7.5    1    4300
    404    11685    -1.31    7.5    1    4300
    405    11777    -5    7.5    1    4300
    406    11778    -5    7.5    1    4300
    407    11779    -0.43    7.5    1    4300
    408    11780    0.32    7.5    1    4300
    409    11781    -2.34    7.5    1    4300
    410    11809    -8.87    7.5    1    4300
    411    11810    -7.96    7.5    1    4300
    412    11811    -5.28    7.5    1    4300
    413    11812    -5.61    7.5    1    4300
    414    11813    -6.57    7.5    1    4300
    415    11814    -10.36    3.5    1    4300
    416    11815    -11.37    3.5    1    4300
    417    11816    -7.62    7.5    1    4300
    418    11817    -7.37    7.5    1    4301
    419    11818    -0.2    7.5    1    4301
    420    11819    -1.36    7.5    1    4301
    421    11820    -6.29    7.5    1    4301
    422    11821    -2.27    7.5    1    4301
    423    11822    -6.24    7.5    1    4301
    424    11823    -6.95    7.5    1    4301
    425    11825    -2.41    7.5    1    4301
    426    11826    -11.07    3.5    1    4301
    427    11827    -7.08    7.5    1    4301
    428    11828    1    7.5    1    4301
    429    11829    2.72    7.5    1    4301
    430    11830    2.33    7.5    1    4301
    431    11831    7.9    7.5    1    4301
    432    11833    6.59    7.5    1    4301
    433    11834    8.74    7.5    1    4301
    434    11835    9.79    7.5    1    4301
    435    11915    -5    7.5    1    4301
    436    11917    -5    7.5    1    4301
    437    11918    -1.57    7.5    1    4301
    438    11919    -1.24    7.5    1    4302
    439    11920    -1.24    7.5    1    4302
    440    11921    -0.26    7.5    1    4302
    441    11922    -1.57    7.5    1    4302
    442    11923    0.31    7.5    1    4302
    443    11924    -5    7.5    1    4302
    444    11944    -7.82    7.5    1    4302
    445    11949    6.96    7.5    1    4302
    446    11950    -7.36    7.5    1    4302
    447    11951    -11.77    3.5    1    4302
    448    11952    -11.77    3.5    1    4302
    449    11953    -6.43    7.5    1    4302
    450    11954    -8.6    7.5    1    4302
    451    11955    -10.51    3.5    1    4302
    452    11956    -11.41    3.5    1    4302
    453    11957    -7.71    7.5    1    4302
    454    11958    0.39    7.5    1    4302
    455    11959    -8.18    7.5    1    4302
    456    11960    -9.17    7.5    1    4302
    457    11961    -9.87    7.5    1    4302
    458    11962    -8.97    7.5    1    4303
    459    11963    -7.42    7.5    1    4303
    460    11967    -7.57    7.5    1    4303
    461    11968    -12.47    3.5    1    4303
    462    11969    -6.19    7.5    1    4303
    463    11970    -1.49    7.5    1    4303
    464    11971    1.34    7.5    1    4303
    465    11972    5.28    7.5    1    4303
    466    11973    6.59    7.5    1    4303
    467    11974    2.65    7.5    1    4303
    468    11975    2.32    7.5    1    4303
    469    12056    -5    7.5    1    4303
    470    12057    -5    7.5    1    4303
    471    12058    -5    7.5    1    4303
    472    12059    -5.01    7.5    1    4303
    473    12060    -5    7.5    1    4303
    474    12061    -5    7.5    1    4303
    475    12062    -5    7.5    1    4306
    476    12063    -14.69    3.5    1    4306
    477    12064    -2.19    7.5    1    4306
    478    12065    -14.01    3.5    1    4306
    479    12067    -15.11    3.5    1    4306
    480    12083    -16.04    3.5    1    4306
    481    12084    -18.22    3.5    1    4306
    482    12085    -12.61    3.5    1    4306
    483    12086    -16.86    3.5    1    4306
    484    12087    -10.08    3.5    1    4306
    485    12088    -10.61    3.5    1    4306
    486    12090    2.53    7.5    1    4306
    487    12093    -11.31    3.5    1    4306
    488    12094    -11.74    3.5    1    4306
    489    12095    -9.24    7.5    1    4306
    490    12096    2.96    7.5    1    4306
    491    12097    -5.91    7.5    1    4306
    492    12098    -8.05    7.5    1    4306
    493    12099    -5.8    7.5    1    4306
    494    12100    -9.07    7.5    1    4306
    495    12101    -9.17    7.5    1    4306
    496    12102    -11.41    3.5    1    4306
    497    12103    -12.48    3.5    1    4306
    498    12104    -11.44    3.5    1    4306
    499    12105    -10.69    3.5    1    4306
    500    12106    -10.97    3.5    1    4306
    501    12107    -8.5    7.5    1    4306
    502    12108    -7.63    7.5    1    4306
    503    12109    -5.18    7.5    1    4306
    504    12111    -5.07    7.5    1    4309
    505    12112    -5.26    7.5    1    4309
    506    12113    2.46    7.5    1    4309
    507    12114    2.07    7.5    1    4309
    508    12115    1.34    7.5    1    4309
    509    12116    0.68    7.5    1    4309
    510    12192    -1.57    7.5    1    4309
    511    12193    -5    7.5    1    4309
    512    12195    -1.57    7.5    1    4309
    513    12196    -1.57    7.5    1    4309
    514    12197    -2.19    7.5    1    4309
    515    12198    -5    7.5    1    4309
    516    12199    -5.03    7.5    1    4309
    517    12200    -5    7.5    1    4309
    518    12201    -6.76    7.5    1    4309
    519    12202    -5.33    7.5    1    2614
    520    12203    -5    7.5    1    2614
    521    12204    -5    7.5    1    2614
    522    12216    -5    7.5    1    2614
    523    12217    -17.55    3.5    1    2614
    524    12218    -19.17    3.5    1    2614
    525    12219    -19.18    3.5    1    2614
    526    12220    -19.17    3.5    1    2614
    527    12221    -19.17    3.5    1    2614
    528    12222    -19.17    3.5    1    2614
    529    12223    -18.47    3.5    1    2614
    530    12224    -9.18    7.5    1    2614
    531    12225    -10.37    3.5    1    2614
    532    12227    -8.69    7.5    1    2614
    533    12228    -7.16    7.5    1    2614
    534    12229    -10.76    3.5    1    4323
    535    12230    -8.91    7.5    1    4321
    536    12231    -9.41    7.5    1    4320
    537    12232    -11.76    3.5    1    4318
    538    12233    -12.59    3.5    1    4316
    539    12234    -12.51    3.5    1    4314
    540    12235    -12.71    3.5    1    4312
    541    12236    -7.07    7.5    1    4311
    542    12237    -7.59    7.5    1    4310
    543    12240    -5.8    7.5    1    4307
    544    12242    -8.74    7.5    1    4305
    545    12243    -10.6    3.5    1    4303
    546    12244    -12.36    3.5    1    4301
    547    12245    -2.48    7.5    1    4300
    548    12249    -5    7.5    1    4298
    549    12250    1.34    7.5    1    2582
    550    12251    0.8    7.5    1    2583
    551    12252    -0.12    7.5    1    2584
    552    12254    -1.94    7.5    1    2581
    553    12255    -1.29    7.5    1    2580
    554    12256    -0.29    7.5    1    2579
    555    12257    5.33    7.5    1    2578
    556    12337    -13.59    3.5    1    2648
    557    12339    -5    7.5    1    2646
    558    12340    -5    7.5    1    2644
    559    12341    -5    7.5    1    4586
    560    12342    -1.8    7.5    1    4585
    561    12343    -0.41    7.5    1    4584
    562    12344    -5    7.5    1    4583
    563    12345    1.19    7.5    1    4582
    564    12350    -0.82    7.5    1    4581
    565    12352    -5    7.5    1    4580
    566    12353    -5.43    7.5    1    4579
    567    12354    -6.88    7.5    1    4578
    568    12355    -9.84    7.5    1    4577
    569    12356    -5    7.5    1    4576
    570    12357    -5.65    7.5    1    4575
    571    12358    -7.82    7.5    1    4574
    572    12359    -18.62    3.5    1    4573
    573    12360    -19.17    3.5    1    4572
    574    12361    -12.81    3.5    1    4571
    575    12362    -12.79    3.5    1    4324
    576    12363    -17.47    3.5    1    4356
    577    12364    -8.15    7.5    1    4325
    578    12367    -5.91    7.5    1    4323
    579    12368    -8.11    7.5    1    4322
    580    12369    -7.91    7.5    1    4321
    581    12370    -9.3    7.5    1    4319
    582    12371    -12.63    3.5    1    4317
    583    12372    -12.11    3.5    1    4316
    584    12373    -12.61    3.5    1    4314
    585    12374    -12.58    3.5    1    4313
    586    12375    -10.83    3.5    1    4312
    587    12377    -5.3    7.5    1    4310
    588    12379    -7.91    7.5    1    4308
    589    12380    -7.39    7.5    1    4307
    590    12381    -5.21    7.5    1    4306
    591    12383    -5.46    7.5    1    4305
    592    12384    -7.41    7.5    1    4304
    593    12385    -5.69    7.5    1    4302
    594    12387    0.97    7.5    1    4301
    595    12388    1.01    7.5    1    4303
    596    12389    2.32    7.5    1    2584
    597    12390    1.33    7.5    1    2585
    598    12393    -1.71    7.5    1    2583
    599    12394    0.82    7.5    1    2582
    600    12395    0.1    7.5    1    2581
    601    12396    0.9    7.5    1    2580
    602    12399    11.02    7.5    1    2579
    603    12400    7.59    7.5    1    2511
    604    12484    -5    7.5    1    2643
    605    12485    0.1    7.5    1    2641
    606    12486    -5    7.5    1    2640
    607    12487    -1.86    7.5    1    2638
    608    12488    -5    7.5    1    4582
    609    12489    -1.94    7.5    1    4581
    610    12490    -1.47    7.5    1    4580
    611    12491    -5    7.5    1    2635
    612    12492    -5    7.5    1    2634
    613    12493    -5    7.5    1    2633
    614    12494    -6.56    7.5    1    2632
    615    12495    -5.9    7.5    1    2631
    616    12496    -7.61    7.5    1    2630
    617    12497    -8.68    7.5    1    2628
    618    12498    -17.26    3.5    1    2626
    619    12500    -11.96    3.5    1    2624
    620    12501    -15.13    3.5    1    2622
    621    12502    -17.94    3.5    1    2620
    622    12503    -17.91    3.5    1    2618
    623    12504    -12.21    3.5    1    2616
    624    12505    -6.3    7.5    1    2614
    625    12506    -8.47    7.5    1    2612
    626    12507    -12.63    3.5    1    2610
    627    12514    -11.08    3.5    1    4317
    628    12515    -9.11    7.5    1    4316
    629    12516    -7.12    7.5    1    4314
    630    12517    -5.85    7.5    1    4312
    631    12518    -8.12    7.5    1    4310
    632    12521    -6.18    7.5    1    4308
    633    12522    2.91    7.5    1    4307
    634    12523    -5.22    7.5    1    4306
    635    12524    1.27    7.5    1    2592
    636    12525    -0.34    7.5    1    2591
    637    12530    2.44    7.5    1    4302
    638    12533    -1.64    7.5    1    2586
    639    12534    0.64    7.5    1    2585
    640    12537    -2.34    7.5    1    2588
    641    12538    -2.46    7.5    1    2587
    642    12539    -2.47    7.5    1    2586
    643    12540    -1.68    7.5    1    2585
    644    12541    -1.31    7.5    1    2584
    645    12542    0.89    7.5    1    2583
    646    12543    3.47    7.5    1    2582
    647    12544    1.37    7.5    1    2581
    648    12545    3.07    7.5    1    2580
    649    12546    3.91    7.5    1    2509
    650    12638    -0.31    7.5    1    2642
    651    12639    -2.22    7.5    1    2641
    652    12641    -0.99    7.5    1    2638
    653    12643    -5    7.5    1    2637
    654    12644    -5    7.5    1    2636
    655    12645    -5    7.5    1    2441
    656    12656    -16.45    3.5    1    2626
    657    12657    -17.54    3.5    1    2616
    658    12658    -17.61    3.5    1    2615
    659    12659    -14.02    3.5    1    2614
    660    12660    -15.74    3.5    1    2613
    661    12661    -13.51    3.5    1    2612
    662    12662    -17.73    3.5    1    2611
    663    12663    -11.92    3.5    1    4323
    664    12664    -15.61    3.5    1    4322
    665    12665    -5.05    7.5    1    4321
    666    12666    -6.97    7.5    1    4320
    667    12667    -5.51    7.5    1    4313
    668    12669    -8.21    7.5    1    4313
    669    12670    -7.59    7.5    1    4313
    670    12673    -7.35    7.5    1    4313
    671    12676    -7.68    7.5    1    4313
    672    12677    -2.53    7.5    1    4313
    673    12678    -7.14    7.5    1    4313
    674    12679    -6.29    7.5    1    4313
    675    12680    -7.29    7.5    1    4313
    676    12681    -6    7.5    1    4313
    677    12682    -5    7.5    1    4313
    678    12683    -2.43    7.5    1    4313
    679    12684    -2.38    7.5    1    4313
    680    12685    -1.74    7.5    1    4313
    681    12686    -2.02    7.5    1    4313
    682    12687    -5    7.5    1    4313
    683    12690    -5    7.5    1    4313
    684    12691    -5    7.5    1    4313
    685    12692    -5    7.5    1    4313
    686    12693    -2.53    7.5    1    4313
    687    12694    -2.29    7.5    1    4313
    688    12695    -0.72    7.5    1    4313
    689    12696    3.09    7.5    1    4313
    690    12697    4    7.5    1    4313
    691    12699    7.77    7.5    1    4313
    692    12700    12.07    7.5    1    4313
    693    12775    -5    7.5    1    4313
    694    12776    -5    7.5    1    4313
    695    12777    -5    7.5    1    2603
    696    12778    0.54    7.5    1    2603
    697    12788    -5    7.5    1    2603
    698    12800    -17.11    3.5    1    2603
    699    12802    -16.11    3.5    1    2603
    700    12803    -16.12    3.5    1    2603
    701    12804    -17.69    3.5    1    2603
    702    12805    -17.3    3.5    1    2603
    703    12806    -17.3    3.5    1    2603
    704    12807    -15.17    3.5    1    2603
    705    12808    -13.5    3.5    1    2603
    706    12809    -9.49    7.5    1    2603
    707    12810    -13.71    3.5    1    2603
    708    12811    -11.62    3.5    1    2603
    709    12812    -14.38    3.5    1    2603
    710    12813    -12.71    3.5    1    2603
    711    12814    -10.55    3.5    1    2603
    712    12815    -10.07    3.5    1    2608
    713    12816    -8.6    7.5    1    2608
    714    12817    -7.41    7.5    1    2608
    715    12818    -5.81    7.5    1    2608
    716    12819    -7.51    7.5    1    2608
    717    12820    -7.81    7.5    1    2608
    718    12821    -8.29    7.5    1    2608
    719    12822    -7.41    7.5    1    2608
    720    12824    -6.47    7.5    1    2608
    721    12825    -6.21    7.5    1    2608
    722    12826    -6    7.5    1    2591
    723    12830    -5    7.5    1    2591
    724    12832    -2.15    7.5    1    2591
    725    12833    -1.74    7.5    1    2591
    726    12834    -5    7.5    1    2591
    727    12835    -1.53    7.5    1    2591
    728    12836    -2.43    7.5    1    2591
    729    12837    -5    7.5    1    2591
    730    12838    -1.56    7.5    1    2591
    731    12839    2.33    7.5    1    2591
    732    12840    7.17    7.5    1    2610
    733    12842    8.79    7.5    1    2610
    734    12911    7.22    7.5    1    2610
    735    12912    2.28    7.5    1    2610
    736    12913    -5    7.5    1    2610
    737    12914    -2.29    7.5    1    2610
    738    12915    1.22    7.5    1    2610
    739    12916    -0.33    7.5    1    2610
    740    12917    -5    7.5    1    2610
    741    12918    -5    7.5    1    2610
    742    12924    -5.61    7.5    1    2610
    743    12925    -17.11    3.5    1    2610
    744    12927    -17.11    3.5    1    2610
    745    12928    -17.11    3.5    1    2610
    746    12931    -9.44    7.5    1    2610
    747    12937    -15.37    3.5    1    2610
    748    12941    -12.71    3.5    1    2610
    749    12944    -6.04    7.5    1    2610
    750    12945    -12.91    3.5    1    2612
    751    12946    -9.29    7.5    1    2612
    752    12947    -11.91    3.5    1    2612
    753    12948    -12.61    3.5    1    2612
    754    12949    -12    3.5    1    2612
    755    12950    -6.87    7.5    1    2612
    756    12952    -6.71    7.5    1    2612
    757    12954    -9.75    7.5    1    2612
    758    12959    -7.83    7.5    1    2612
    759    12962    -9.52    7.5    1    2612
    760    12963    -5    7.5    1    2612
    761    12964    -1.72    7.5    1    2612
    762    12965    -2.36    7.5    1    2612
    763    12966    0.14    7.5    1    2612
    764    12967    5.32    7.5    1    2612
    765    12968    6.97    7.5    1    2612
    766    13040    5.64    7.5    1    2612
    767    13041    -2.29    7.5    1    2612
    768    13042    -2.21    7.5    1    2612
    769    13043    -2.3    7.5    1    2612
    770    13044    0.99    7.5    1    2612
    771    13045    1.06    7.5    1    2612
    772    13046    -0.65    7.5    1    2612
    773    13048    -6.3    7.5    1    2612
    774    13050    -15.41    3.5    1    2599
    775    13051    -17.11    3.5    1    2599
    776    13052    -17.11    3.5    1    2599
    777    13053    -17.11    3.5    1    2599
    778    13054    -18.75    3.5    1    2599
    779    13055    -12.92    3.5    1    2599
    780    13057    -1.6    7.5    1    2599
    781    13059    -13.31    3.5    1    2599
    782    13060    -16.47    3.5    1    2599
    783    13061    -12.34    3.5    1    2599
    784    13062    -11.87    3.5    1    2599
    785    13065    -16.9    3.5    1    2599
    786    13068    -15.41    3.5    1    2599
    787    13069    -16.71    3.5    1    2599
    788    13070    -12.11    3.5    1    2599
    789    13075    -11.8    3.5    1    2611
    790    13076    -10.91    3.5    1    2611
    791    13078    -5.73    7.5    1    2611
    792    13079    -8.96    7.5    1    2611
    793    13080    -9.47    7.5    1    2611
    794    13081    -8    7.5    1    2611
    795    13082    -10.51    3.5    1    2611
    796    13083    -5.29    7.5    1    2611
    797    13084    -7.33    7.5    1    2611
    798    13085    1.64    7.5    1    2611
    799    13086    1.67    7.5    1    2611
    800    13087    7.57    7.5    1    2611
    801    13161    3.12    7.5    1    2611
    802    13162    -5.04    7.5    1    2611
    803    13163    -10.18    3.5    1    2611
    804    13168    -14    3.5    1    2611
    805    13169    -12.19    3.5    1    2611
    806    13170    -6.77    7.5    1    2611
    807    13177    -16.78    3.5    1    2611
    808    13178    -16.29    3.5    1    2612
    809    13179    -14.01    3.5    1    2612
    810    13180    -18.31    3.5    1    2612
    811    13182    -18.51    3.5    1    2612
    812    13183    -17.71    3.5    1    2612
    813    13184    -13.03    3.5    1    2612
    814    13185    -5.97    7.5    1    2612
    815    13186    -6.42    7.5    1    2612
    816    13187    -11.91    3.5    1    2612
    817    13191    -7    7.5    1    2612
    818    13192    -12.51    3.5    1    2612
    819    13193    -2.63    7.5    1    2612
    820    13194    -10.55    3.5    1    2612
    821    13195    -6.43    7.5    1    2612
    822    13196    -6.73    7.5    1    2612
    823    13197    -5    7.5    1    2612
    824    13198    -5    7.5    1    2612
    825    13199    2.27    7.5    1    2612
    826    13200    6.07    7.5    1    2612
    827    13266    -5.98    7.5    1    2612
    828    13267    -3.38    7.5    1    2614
    829    13268    -6.94    7.5    1    2614
    830    13269    3.89    7.5    1    2614
    831    13273    -19.42    3.5    1    2614
    832    13274    -16.59    3.5    1    2614
    833    13275    -11.86    3.5    1    2614
    834    13278    -12.99    3.5    1    2614
    835    13280    -17.36    3.5    1    2614
    836    13281    -15.14    3.5    1    2614
    837    13282    -17.11    3.5    1    2614
    838    13283    -15.78    3.5    1    2614
    839    13284    -18.42    3.5    1    2614
    840    13285    -13.42    3.5    1    2614
    841    13286    -14.74    3.5    1    2614
    842    13287    -11.94    3.5    1    2614
    843    13288    -5.97    7.5    1    2614
    844    13289    -5.97    7.5    1    2614
    845    13290    -12.25    3.5    1    2614
    846    13291    -6.3    7.5    1    2614
    847    13292    -10.09    3.5    1    2614
    848    13293    -5.93    7.5    1    2614
    849    13294    -1.73    7.5    1    2614
    850    13295    0.98    7.5    1    2614
    851    13296    4.87    7.5    1    2616
    852    13360    2    7.5    1    2616
    853    13361    -2.38    7.5    1    2616
    854    13362    -2.15    7.5    1    2616
    855    13363    -1.36    7.5    1    2616
    856    13364    -16.47    3.5    1    2616
    857    13365    -11.86    3.5    1    2616
    858    13366    -5    7.5    1    2616
    859    13367    -5    7.5    1    2616
    860    13368    -18.46    3.5    1    2616
    861    13369    -15.97    3.5    1    2616
    862    13372    -14.32    3.5    1    2616
    863    13373    -17.11    3.5    1    2616
    864    13374    -5    7.5    1    2616
    865    13375    -16.5    3.5    1    2616
    866    13376    -17.12    3.5    1    2616
    867    13377    -11.04    3.5    1    2616
    868    13378    -6.85    7.5    1    2616
    869    13379    -7.07    7.5    1    2616
    870    13380    -11.75    3.5    1    2616
    871    13381    -8.75    7.5    1    2616
    872    13382    -9.33    7.5    1    2616
    873    13383    -6.74    7.5    1    2616
    874    13384    -6.01    7.5    1    2616
    875    13385    2.35    7.5    1    2349
    876    13386    5.46    7.5    1    2349
    877    13448    -1.29    7.5    1    2349
    878    13449    -1.89    7.5    1    2349
    879    13450    -1.29    7.5    1    2349
    880    13451    0.02    7.5    1    2349
    881    13452    -5    7.5    1    2349
    882    13454    -16.54    3.5    1    2349
    883    13455    -16.73    3.5    1    2349
    884    13456    -19.24    3.5    1    2349
    885    13457    -17.76    3.5    1    2349
    886    13462    -17.44    3.5    1    2349
    887    13463    -19.22    3.5    1    2349
    888    13464    -18.37    3.5    1    2349
    889    13465    -8.05    7.5    1    2349
    890    13466    -8.41    7.5    1    2349
    891    13467    -12.65    3.5    1    2349
    892    13468    -10.66    3.5    1    2349
    893    13469    -11.97    3.5    1    2349
    894    13470    -8.05    7.5    1    2349
    895    13471    -0.42    7.5    1    2349
    896    13472    -2.35    7.5    1    2349
    897    13473    -1.29    7.5    1    2349
    898    13474    9.31    7.5    1    2342
    899    13529    4.99    7.5    1    2342
    900    13530    0.31    7.5    1    2342
    901    13531    -1.69    7.5    1    2342
    902    13532    -2.19    7.5    1    2342
    903    13533    -1.41    7.5    1    2342
    904    13534    0.4    7.5    1    2342
    905    13535    0.01    7.5    1    2342
    906    13536    0.11    7.5    1    2342
    907    13537    0.5    7.5    1    2342
    908    13538    0.41    7.5    1    2342
    909    13539    -17.57    3.5    1    2342
    910    13540    -14.04    3.5    1    2342
    911    13541    -10    7.5    1    2342
    912    13542    -16.46    3.5    1    2342
    913    13546    -17.11    3.5    1    2342
    914    13547    -15.41    3.5    1    2342
    915    13548    -16.68    3.5    1    2342
    916    13549    -11.69    3.5    1    2342
    917    13550    -5.19    7.5    1    2342
    918    13551    -9.08    7.5    1    2342
    919    13552    -12.84    3.5    1    2342
    920    13553    -12.15    3.5    1    2342
    921    13554    -10.64    3.5    1    2328
    922    13555    -7.32    7.5    1    2328
    923    13556    -7.1    7.5    1    2328
    924    13558    2.02    7.5    1    2328
    925    13615    2.43    7.5    1    2328
    926    13616    -1.4    7.5    1    2328
    927    13617    -0.96    7.5    1    2328
    928    13618    -0.09    7.5    1    2328
    929    13619    -1.39    7.5    1    2328
    930    13620    -1.4    7.5    1    2328
    931    13621    0.3    7.5    1    2328
    932    13622    -0.09    7.5    1    2328
    933    13626    -17.45    3.5    1    2328
    934    13627    -12.52    3.5    1    2328
    935    13628    -11.86    3.5    1    2328
    936    13631    -12.82    3.5    1    2328
    937    13635    -16.71    3.5    1    2328
    938    13636    -5.15    7.5    1    2328
    939    13637    -14.53    3.5    1    2328
    940    13638    -2.05    7.5    1    2328
    941    13639    -10.46    3.5    1    2328
    942    13640    -8.08    7.5    1    2328
    943    13641    -12.05    3.5    1    2328
    944    13642    -1.97    7.5    1    2328
    945    13643    -7.08    7.5    1    2328
    946    13644    -6.83    7.5    1    2328
    947    13707    -1.18    7.5    1    2328
    948    13708    -7.83    7.5    1    2328
    949    13709    -2.19    7.5    1    2323
    950    13710    -2.18    7.5    1    2323
    951    13711    -1.39    7.5    1    2323
    952    13712    -0.69    7.5    1    2323
    953    13713    0.01    7.5    1    2323
    954    13714    0.71    7.5    1    2323
    955    13715    1.27    7.5    1    2323
    956    13716    1.51    7.5    1    2323
    957    13717    2.01    7.5    1    2323
    958    13718    -12.17    3.5    1    2323
    959    13719    -17.84    3.5    1    2323
    960    13720    -5    7.5    1    2323
    961    13723    -17.5    3.5    1    2323
    962    13724    -17.2    3.5    1    2323
    963    13725    -13.53    3.5    1    2323
    964    13726    -16.42    3.5    1    2323
    965    13727    -8.48    7.5    1    2323
    966    13728    -9.34    7.5    1    2323
    967    13729    1.71    7.5    1    2323
    968    13730    -6.13    7.5    1    2323
    969    13731    -5.13    7.5    1    2323
    970    13732    -6.12    7.5    1    2323
    971    13784    4.14    7.5    1    2323
    972    13787    -11.83    3.5    1    2332
    973    13788    -1.78    7.5    1    2332
    974    13789    -0.59    7.5    1    2332
    975    13790    -0.69    7.5    1    2332
    976    13791    -0.42    7.5    1    2332
    977    13792    0.41    7.5    1    2332
    978    13793    1.01    7.5    1    2332
    979    13794    -6.11    7.5    1    2332
    980    13795    -17.59    3.5    1    2332
    981    13796    -12.82    3.5    1    2332
    982    13797    -17.65    3.5    1    2332
    983    13798    -10.88    3.5    1    2332
    984    13802    -16.35    3.5    1    2332
    985    13803    -2.65    7.5    1    2332
    986    13804    -2.32    7.5    1    2332
    987    13805    -5    7.5    1    2332
    988    13806    -9.95    7.5    1    2332
    989    13807    -11.69    3.5    1    2332
    990    13809    -5.36    7.5    1    2332
    991    13861    -5    7.5    1    2332
    992    13863    -7.53    7.5    1    2332
    993    13864    -6.47    7.5    1    2332
    994    13866    -1.12    7.5    1    2332
    995    13867    -0.19    7.5    1    2332
    996    13868    -0.02    7.5    1    2335
    997    13869    -11.41    3.5    1    2335
    998    13870    -13.01    3.5    1    2335
    999    13871    -10.69    3.5    1    2335
    1000    13872    -13.1    3.5    1    2335
    1001    13873    -15.48    3.5    1    2335
    1002    13874    -17.54    3.5    1    2335
    1003    13875    -14.88    3.5    1    2335
    1004    13878    -10.76    3.5    1    2335
    1005    13879    -12.06    3.5    1    2335
    1006    13880    -8.35    7.5    1    2335
    1007    13881    -11.85    3.5    1    2335
    1008    13882    -12.69    3.5    1    2335
    1009    13883    -6.2    7.5    1    2335
    1010    13884    -6.72    7.5    1    2335
    1011    13885    -6.77    7.5    1    2335
    1012    13931    2.81    7.5    1    2335
    1013    13932    -6.9    7.5    1    2335
    1014    13933    -7.49    7.5    1    2335
    1015    13934    -8.53    7.5    1    2331
    1016    13935    -11.72    3.5    1    2331
    1017    13936    -0.89    7.5    1    2331
    1018    13937    -0.19    7.5    1    2331
    1019    13938    -8.1    7.5    1    2331
    1020    13939    -7.42    7.5    1    2331
    1021    13940    -10.37    3.5    1    2331
    1022    13941    -9.33    7.5    1    2331
    1023    13942    -12.71    3.5    1    2331
    1024    13943    -10.25    3.5    1    2331
    1025    13944    -12.71    3.5    1    2331
    1026    13945    -15.51    3.5    1    2331
    1027    13946    -12.4    3.5    1    2331
    1028    13947    -15.82    3.5    1    2331
    1029    13950    -6.24    7.5    1    2331
    1030    13951    -6.1    7.5    1    2331
    1031    13952    -6.65    7.5    1    2331
    1032    13953    -12.87    3.5    1    2331
    1033    14012    6.56    7.5    1    2331
    1034    14013    2.37    7.5    1    2331
    1035    14014    8.05    7.5    1    2331
    1036    14015    -0.15    7.5    1    2331
    1037    14016    -1.39    7.5    1    2331
    1038    14017    -5    7.5    1    2331
    1039    14018    -7.43    7.5    1    2331
    1040    14019    -6.43    7.5    1    2331
    1041    14020    -7.77    7.5    1    2331
    1042    14021    -10.38    3.5    1    2246
    1043    14022    -0.92    7.5    1    2246
    1044    14023    -7.71    7.5    1    2246
    1045    14024    -6.59    7.5    1    2246
    1046    14025    -8.01    7.5    1    2246
    1047    14026    -5.3    7.5    1    2246
    1048    14027    -5.91    7.5    1    2246
    1049    14028    -11.9    3.5    1    2246
    1050    14029    -6.55    7.5    1    2246
    1051    14030    -12.71    3.5    1    2246
    1052    14031    -14.77    3.5    1    2246
    1053    14032    -15.31    3.5    1    2246
    1054    14033    -17.94    3.5    1    2246
    1055    14037    -6.22    7.5    1    2246
    1056    14039    -13.11    3.5    1    2246
    1057    14041    -10.52    3.5    1    2246
    1058    14042    -0.89    7.5    1    2246
    1059    14099    2.19    7.5    1    2246
    1060    14100    2.32    7.5    1    2246
    1061    14101    2.02    7.5    1    2246
    1062    14102    2.32    7.5    1    2246
    1063    14103    0.61    7.5    1    2246
    1064    14104    -5.1    7.5    1    2246
    1065    14105    -5.57    7.5    1    2246
    1066    14106    -6.71    7.5    1    2246
    1067    14107    -7.58    7.5    1    2246
    1068    14108    -6.41    7.5    1    2246
    1069    14109    -5.64    7.5    1    2246
    1070    14110    -5    7.5    1    2240
    1071    14111    2.15    7.5    1    2240
    1072    14112    -5.6    7.5    1    2240
    1073    14113    -5.1    7.5    1    2240
    1074    14114    -7.71    7.5    1    2240
    1075    14115    -5.31    7.5    1    2240
    1076    14116    -6.73    7.5    1    2240
    1077    14117    -12.51    3.5    1    2240
    1078    14118    -12.91    3.5    1    2240
    1079    14119    -7.72    7.5    1    2240
    1080    14120    -11.02    3.5    1    2240
    1081    14177    2.32    7.5    1    2240
    1082    14178    3.35    7.5    1    2240
    1083    14179    3.62    7.5    1    2240
    1084    14180    7.03    7.5    1    2240
    1085    14181    2.02    7.5    1    2240
    1086    14182    1.72    7.5    1    2240
    1087    14183    -5    7.5    1    2240
    1088    14184    -5.44    7.5    1    2240
    1089    14185    -2.58    7.5    1    2240
    1090    14186    6.83    7.5    1    2240
    1091    14187    -5    7.5    1    2240
    1092    14188    -2.51    7.5    1    2240
    1093    14189    -6.5    7.5    1    2240
    1094    14190    -2.45    7.5    1    2240
    1095    14191    -5.31    7.5    1    2240
    1096    14192    -0.02    7.5    1    2240
    1097    14193    -7.31    7.5    1    2240
    1098    14194    -7.31    7.5    1    2240
    1099    14195    -12.65    3.5    1    2240
    1100    14196    1.07    7.5    1    2240
    1101    14197    -1.63    7.5    1    2240
    1102    14256    12.16    7.5    1    2240
    1103    14257    7.02    7.5    1    2240
    1104    14258    5.09    7.5    1    2240
    1105    14259    2.3    7.5    1    2240
    1106    14260    4.93    7.5    1    2240
    1107    14261    2.32    7.5    1    2240
    1108    14262    2.32    7.5    1    2240
    1109    14263    2.41    7.5    1    2240
    1110    14264    0.42    7.5    1    2240
    1111    14265    -1.59    7.5    1    2240
    1112    14266    2.22    7.5    1    2240
    1113    14267    1.93    7.5    1    2234
    1114    14268    0.42    7.5    1    2234
    1115    14269    -1.36    7.5    1    2234
    1116    14270    -2.97    7.5    1    2234
    1117    14271    0.08    7.5    1    2234
    1118    14272    6.74    7.5    1    2234
    1119    14273    -6.4    7.5    1    2234
    1120    14274    -5.08    7.5    1    2234
    1121    14333    7.29    7.5    1    2234
    1122    14334    7.33    7.5    1    2234
    1123    14335    7.73    7.5    1    2234
    1124    14336    3.5    7.5    1    2234
    1125    14337    2.32    7.5    1    2234
    1126    14338    7.37    7.5    1    2234
    1127    14339    6.07    7.5    1    2234
    1128    14340    2.32    7.5    1    2234
    1129    14341    2.31    7.5    1    2234
    1130    14342    2.31    7.5    1    2234
    1131    14343    2.31    7.5    1    2234
    1132    14344    2.17    7.5    1    2234
    1133    14346    1.63    7.5    1    2234
    1134    14347    2.63    7.5    1    2234
    1135    14348    1.78    7.5    1    2234
    1136    14349    -0.87    7.5    1    2234
    1137    14350    0.22    7.5    1    2234
    1138    14351    -5    7.5    1    2234
    1139    14352    12.13    7.5    1    2234
    1140    14410    12.57    7.5    1    2234
    1141    14411    6.14    7.5    1    2234
    1142    14412    6.08    7.5    1    2234
    1143    14413    6.99    7.5    1    2234
    1144    14414    7.33    7.5    1    2233
    1145    14415    6.96    7.5    1    2233
    1146    14416    5.97    7.5    1    2233
    1147    14417    2.31    7.5    1    2233
    1148    14418    2.31    7.5    1    2233
    1149    14419    2.9    7.5    1    2233
    1150    14427    2.02    7.5    1    2233
    1151    14428    0.83    7.5    1    2233
    1152    14491    7.66    7.5    1    2233
    1153    14493    11.19    7.5    1    2233
    1154    14494    10.55    7.5    1    2233
    1155    14496    6.96    7.5    1    2233
    1156    14499    6.9    7.5    1    2233
    1157    14500    7.37    7.5    1    2233
    1158    14501    2.37    7.5    1    2233
    1159    14502    4.79    7.5    1    2233
    1160    14588    3.5    7.5    1    2233
    1161    14591    3.46    7.5    1    2233
    1162    14592    4.37    7.5    1    2233
C*******************************************************************************
C                  Subsurface Irrigation Data Specifications
C
C   NSI      ;  Number of groundwater nodes with subsurface irrigation
C   FACTHSI  ;  Conversion factor for subsurface irrigation elevations
C   FACTCDCSI;  Conversion factor for subsurface irrigation conductances
C               It is used to convert only the spatial component of the unit; 
C               DO NOT include the conversion factor for time component of the unit.
C               * e.g. Unit of conductance listed in this file = AC/MONTH
C                      Consistent unit used in simulation      = SQ.FT/DAY 
C                      Enter FACTQ (AC/MONTH -> SQ.FT/MONTH)   = 2.29568E-05 
C                       (conversion of MONTH -> DAY is performed automatically) 
C   TUNITSI  ; Time unit of conductance.  This should be one of the units 
C               recognized by HEC-DSS that are listed in the Main Control File.  
C
C-------------------------------------------------------------------------------
C       VALUE                   DESCRIPTION
C-------------------------------------------------------------------------------
         0                       / NSI
         1.0                     / FACTHSI
         1.0                     / FACTCDCSI
         1MON                    / TUNITSI
C-------------------------------------------------------------------------------
C                     Subsurface Irrigation Parameters
C
C   The following lists the groundwater node number, elevation and conductance 
C   for each subsurface irrigation. 
C
C   IDSI   ; Subsurface irrigation in sequential order
C   NODESI ; Groundwater node number corresponding to the subsurface irrigation
C   ELEVSI ; Elevation of the subsurface irrigation; [L]
C   CDCSI  ; Hydraulic conductance of the interface between the aquifer and 
C             subsurface irrigation; [L^2/T]
C
C-------------------------------------------------------------------------------
C   IDSI  NODESI    ELEVSI    CDCSI         
C-------------------------------------------------------------------------------
*
*
C*******************************************************************************
C                      Hydrograph Print Control
C
C   The following lists the tile drain and subsurface irrigation IDs for which 
C   a hydrograph printing is needed, as well as output control options.
C
C   NOUTTD  ;  Number of hydrographs to be printed
C   FACTVLOU; Factor to convert simulation unit of tile drain/subsurface irrigation
C                flows into intented output unit 
C   UNITVLOU; Output unit of flows (max. 10 characters long)
C   TDOUTFL ;  Filename for tile drain/subsurface irrigation hydrograph output
C                (max. 1000 characters)
C
C-------------------------------------------------------------------------------
C   VALUE                               / DESCRIPTION
C---------------------------------------------------------------------------
     1162                                   / NOUTTD
     2.29568E-05                          / FACTVLOU
     ac.ft.                               / UNITVLOU
     ..\Results\C2VSimFG_TileDrains.out       / TDOUTFL
C-------------------------------------------------------------------------------
C
C   ID      ;  Tile drain or subsurface irrigation ID for hydrograph printing
C   IDTYP   ;  Type of hydrograph
C                1 = Tile drain hydrograph
C                2 = Subsurface irrigation hydrograph
C
C-------------------------------------------------------------------------------
C  ID    IDTYP       
C-------------------------------------------------------------------------------
    1    1    Tiledrain_1
    2    1    Tiledrain_2
    3    1    Tiledrain_3
    4    1    Tiledrain_4
    5    1    Tiledrain_5
    6    1    Tiledrain_6
    7    1    Tiledrain_7
    8    1    Tiledrain_8
    9    1    Tiledrain_9
    10    1    Tiledrain_10
    11    1    Tiledrain_11
    12    1    Tiledrain_12
    13    1    Tiledrain_13
    14    1    Tiledrain_14
    15    1    Tiledrain_15
    16    1    Tiledrain_16
    17    1    Tiledrain_17
    18    1    Tiledrain_18
    19    1    Tiledrain_19
    20    1    Tiledrain_20
    21    1    Tiledrain_21
    22    1    Tiledrain_22
    23    1    Tiledrain_23
    24    1    Tiledrain_24
    25    1    Tiledrain_25
    26    1    Tiledrain_26
    27    1    Tiledrain_27
    28    1    Tiledrain_28
    29    1    Tiledrain_29
    30    1    Tiledrain_30
    31    1    Tiledrain_31
    32    1    Tiledrain_32
    33    1    Tiledrain_33
    34    1    Tiledrain_34
    35    1    Tiledrain_35
    36    1    Tiledrain_36
    37    1    Tiledrain_37
    38    1    Tiledrain_38
    39    1    Tiledrain_39
    40    1    Tiledrain_40
    41    1    Tiledrain_41
    42    1    Tiledrain_42
    43    1    Tiledrain_43
    44    1    Tiledrain_44
    45    1    Tiledrain_45
    46    1    Tiledrain_46
    47    1    Tiledrain_47
    48    1    Tiledrain_48
    49    1    Tiledrain_49
    50    1    Tiledrain_50
    51    1    Tiledrain_51
    52    1    Tiledrain_52
    53    1    Tiledrain_53
    54    1    Tiledrain_54
    55    1    Tiledrain_55
    56    1    Tiledrain_56
    57    1    Tiledrain_57
    58    1    Tiledrain_58
    59    1    Tiledrain_59
    60    1    Tiledrain_60
    61    1    Tiledrain_61
    62    1    Tiledrain_62
    63    1    Tiledrain_63
    64    1    Tiledrain_64
    65    1    Tiledrain_65
    66    1    Tiledrain_66
    67    1    Tiledrain_67
    68    1    Tiledrain_68
    69    1    Tiledrain_69
    70    1    Tiledrain_70
    71    1    Tiledrain_71
    72    1    Tiledrain_72
    73    1    Tiledrain_73
    74    1    Tiledrain_74
    75    1    Tiledrain_75
    76    1    Tiledrain_76
    77    1    Tiledrain_77
    78    1    Tiledrain_78
    79    1    Tiledrain_79
    80    1    Tiledrain_80
    81    1    Tiledrain_81
    82    1    Tiledrain_82
    83    1    Tiledrain_83
    84    1    Tiledrain_84
    85    1    Tiledrain_85
    86    1    Tiledrain_86
    87    1    Tiledrain_87
    88    1    Tiledrain_88
    89    1    Tiledrain_89
    90    1    Tiledrain_90
    91    1    Tiledrain_91
    92    1    Tiledrain_92
    93    1    Tiledrain_93
    94    1    Tiledrain_94
    95    1    Tiledrain_95
    96    1    Tiledrain_96
    97    1    Tiledrain_97
    98    1    Tiledrain_98
    99    1    Tiledrain_99
    100    1    Tiledrain_100
    101    1    Tiledrain_101
    102    1    Tiledrain_102
    103    1    Tiledrain_103
    104    1    Tiledrain_104
    105    1    Tiledrain_105
    106    1    Tiledrain_106
    107    1    Tiledrain_107
    108    1    Tiledrain_108
    109    1    Tiledrain_109
    110    1    Tiledrain_110
    111    1    Tiledrain_111
    112    1    Tiledrain_112
    113 1    Tiledrain_113
    114 1    Tiledrain_114
    115 1    Tiledrain_115
    116 1    Tiledrain_116
    117 1    Tiledrain_117
    118 1    Tiledrain_118
    119 1    Tiledrain_119
    120 1    Tiledrain_120
    121 1    Tiledrain_121
    122 1    Tiledrain_122
    123 1    Tiledrain_123
    124 1    Tiledrain_124
    125 1    Tiledrain_125
    126 1    Tiledrain_126
    127 1    Tiledrain_127
    128 1    Tiledrain_128
    129 1    Tiledrain_129
    130 1    Tiledrain_130
    131 1    Tiledrain_131
    132 1    Tiledrain_132
    133 1    Tiledrain_133
    134 1    Tiledrain_134
    135 1    Tiledrain_135
    136 1    Tiledrain_136
    137 1    Tiledrain_137
    138 1    Tiledrain_138
    139 1    Tiledrain_139
    140 1    Tiledrain_140
    141 1    Tiledrain_141
    142 1    Tiledrain_142
    143 1    Tiledrain_143
    144 1    Tiledrain_144
    145 1    Tiledrain_145
    146 1    Tiledrain_146
    147 1    Tiledrain_147
    148 1    Tiledrain_148
    149 1    Tiledrain_149
    150 1    Tiledrain_150
    151 1    Tiledrain_151
    152 1    Tiledrain_152
    153 1    Tiledrain_153
    154 1    Tiledrain_154
    155 1    Tiledrain_155
    156 1    Tiledrain_156
    157 1    Tiledrain_157
    158 1    Tiledrain_158
    159 1    Tiledrain_159
    160 1    Tiledrain_160
    161 1    Tiledrain_161
    162 1    Tiledrain_162
    163 1    Tiledrain_163
    164 1    Tiledrain_164
    165 1    Tiledrain_165
    166 1    Tiledrain_166
    167 1    Tiledrain_167
    168 1    Tiledrain_168
    169 1    Tiledrain_169
    170 1    Tiledrain_170
    171 1    Tiledrain_171
    172 1    Tiledrain_172
    173 1    Tiledrain_173
    174 1    Tiledrain_174
    175 1    Tiledrain_175
    176 1    Tiledrain_176
    177 1    Tiledrain_177
    178 1    Tiledrain_178
    179 1    Tiledrain_179
    180 1    Tiledrain_180
    181 1    Tiledrain_181
    182 1    Tiledrain_182
    183 1    Tiledrain_183
    184 1    Tiledrain_184
    185 1    Tiledrain_185
    186 1    Tiledrain_186
    187 1    Tiledrain_187
    188 1    Tiledrain_188
    189 1    Tiledrain_189
    190 1    Tiledrain_190
    191 1    Tiledrain_191
    192 1    Tiledrain_192
    193 1    Tiledrain_193
    194 1    Tiledrain_194
    195 1    Tiledrain_195
    196 1    Tiledrain_196
    197 1    Tiledrain_197
    198 1    Tiledrain_198
    199 1    Tiledrain_199
    200 1    Tiledrain_200
    201 1    Tiledrain_201
    202 1    Tiledrain_202
    203 1    Tiledrain_203
    204 1    Tiledrain_204
    205 1    Tiledrain_205
    206 1    Tiledrain_206
    207 1    Tiledrain_207
    208 1    Tiledrain_208
    209 1    Tiledrain_209
    210 1    Tiledrain_210
    211 1    Tiledrain_211
    212 1    Tiledrain_212
    213 1    Tiledrain_213
    214 1    Tiledrain_214
    215 1    Tiledrain_215
    216 1    Tiledrain_216
    217 1    Tiledrain_217
    218 1    Tiledrain_218
    219 1    Tiledrain_219
    220 1    Tiledrain_220
    221 1    Tiledrain_221
    222 1    Tiledrain_222
    223 1    Tiledrain_223
    224 1    Tiledrain_224
    225 1    Tiledrain_225
    226 1    Tiledrain_226
    227 1    Tiledrain_227
    228 1    Tiledrain_228
    229 1    Tiledrain_229
    230 1    Tiledrain_230
    231 1    Tiledrain_231
    232 1    Tiledrain_232
    233 1    Tiledrain_233
    234 1    Tiledrain_234
    235 1    Tiledrain_235
    236 1    Tiledrain_236
    237 1    Tiledrain_237
    238 1    Tiledrain_238
    239 1    Tiledrain_239
    240 1    Tiledrain_240
    241 1    Tiledrain_241
    242 1    Tiledrain_242
    243 1    Tiledrain_243
    244 1    Tiledrain_244
    245 1    Tiledrain_245
    246 1    Tiledrain_246
    247 1    Tiledrain_247
    248 1    Tiledrain_248
    249 1    Tiledrain_249
    250 1    Tiledrain_250
    251 1    Tiledrain_251
    252 1    Tiledrain_252
    253 1    Tiledrain_253
    254 1    Tiledrain_254
    255 1    Tiledrain_255
    256 1    Tiledrain_256
    257 1    Tiledrain_257
    258 1    Tiledrain_258
    259 1    Tiledrain_259
    260 1    Tiledrain_260
    261 1    Tiledrain_261
    262 1    Tiledrain_262
    263 1    Tiledrain_263
    264 1    Tiledrain_264
    265 1    Tiledrain_265
    266 1    Tiledrain_266
    267 1    Tiledrain_267
    268 1    Tiledrain_268
    269 1    Tiledrain_269
    270 1    Tiledrain_270
    271 1    Tiledrain_271
    272 1    Tiledrain_272
    273 1    Tiledrain_273
    274 1    Tiledrain_274
    275 1    Tiledrain_275
    276 1    Tiledrain_276
    277 1    Tiledrain_277
    278 1    Tiledrain_278
    279 1    Tiledrain_279
    280 1    Tiledrain_280
    281 1    Tiledrain_281
    282 1    Tiledrain_282
    283 1    Tiledrain_283
    284 1    Tiledrain_284
    285 1    Tiledrain_285
    286 1    Tiledrain_286
    287 1    Tiledrain_287
    288 1    Tiledrain_288
    289 1    Tiledrain_289
    290 1    Tiledrain_290
    291 1    Tiledrain_291
    292 1    Tiledrain_292
    293 1    Tiledrain_293
    294 1    Tiledrain_294
    295 1    Tiledrain_295
    296 1    Tiledrain_296
    297 1    Tiledrain_297
    298 1    Tiledrain_298
    299 1    Tiledrain_299
    300 1    Tiledrain_300
    301 1    Tiledrain_301
    302 1    Tiledrain_302
    303 1    Tiledrain_303
    304 1    Tiledrain_304
    305 1    Tiledrain_305
    306 1    Tiledrain_306
    307 1    Tiledrain_307
    308 1    Tiledrain_308
    309 1    Tiledrain_309
    310 1    Tiledrain_310
    311 1    Tiledrain_311
    312 1    Tiledrain_312
    313 1    Tiledrain_313
    314 1    Tiledrain_314
    315 1    Tiledrain_315
    316 1    Tiledrain_316
    317 1    Tiledrain_317
    318 1    Tiledrain_318
    319 1    Tiledrain_319
    320 1    Tiledrain_320
    321 1    Tiledrain_321
    322 1    Tiledrain_322
    323 1    Tiledrain_323
    324 1    Tiledrain_324
    325 1    Tiledrain_325
    326 1    Tiledrain_326
    327 1    Tiledrain_327
    328 1    Tiledrain_328
    329 1    Tiledrain_329
    330 1    Tiledrain_330
    331 1    Tiledrain_331
    332 1    Tiledrain_332
    333 1    Tiledrain_333
    334 1    Tiledrain_334
    335 1    Tiledrain_335
    336 1    Tiledrain_336
    337 1    Tiledrain_337
    338 1    Tiledrain_338
    339 1    Tiledrain_339
    340 1    Tiledrain_340
    341 1    Tiledrain_341
    342 1    Tiledrain_342
    343 1    Tiledrain_343
    344 1    Tiledrain_344
    345 1    Tiledrain_345
    346 1    Tiledrain_346
    347 1    Tiledrain_347
    348 1    Tiledrain_348
    349 1    Tiledrain_349
    350 1    Tiledrain_350
    351 1    Tiledrain_351
    352 1    Tiledrain_352
    353 1    Tiledrain_353
    354 1    Tiledrain_354
    355 1    Tiledrain_355
    356 1    Tiledrain_356
    357 1    Tiledrain_357
    358 1    Tiledrain_358
    359 1    Tiledrain_359
    360 1    Tiledrain_360
    361 1    Tiledrain_361
    362 1    Tiledrain_362
    363 1    Tiledrain_363
    364 1    Tiledrain_364
    365 1    Tiledrain_365
    366 1    Tiledrain_366
    367 1    Tiledrain_367
    368 1    Tiledrain_368
    369 1    Tiledrain_369
    370 1    Tiledrain_370
    371 1    Tiledrain_371
    372 1    Tiledrain_372
    373 1    Tiledrain_373
    374 1    Tiledrain_374
    375 1    Tiledrain_375
    376 1    Tiledrain_376
    377 1    Tiledrain_377
    378 1    Tiledrain_378
    379 1    Tiledrain_379
    380 1    Tiledrain_380
    381 1    Tiledrain_381
    382 1    Tiledrain_382
    383 1    Tiledrain_383
    384 1    Tiledrain_384
    385 1    Tiledrain_385
    386 1    Tiledrain_386
    387 1    Tiledrain_387
    388 1    Tiledrain_388
    389 1    Tiledrain_389
    390 1    Tiledrain_390
    391 1    Tiledrain_391
    392 1    Tiledrain_392
    393 1    Tiledrain_393
    394 1    Tiledrain_394
    395 1    Tiledrain_395
    396 1    Tiledrain_396
    397 1    Tiledrain_397
    398 1    Tiledrain_398
    399 1    Tiledrain_399
    400 1    Tiledrain_400
    401 1    Tiledrain_401
    402 1    Tiledrain_402
    403 1    Tiledrain_403
    404 1    Tiledrain_404
    405 1    Tiledrain_405
    406 1    Tiledrain_406
    407 1    Tiledrain_407
    408 1    Tiledrain_408
    409 1    Tiledrain_409
    410 1    Tiledrain_410
    411 1    Tiledrain_411
    412 1    Tiledrain_412
    413 1    Tiledrain_413
    414 1    Tiledrain_414
    415 1    Tiledrain_415
    416 1    Tiledrain_416
    417 1    Tiledrain_417
    418 1    Tiledrain_418
    419 1    Tiledrain_419
    420 1    Tiledrain_420
    421 1    Tiledrain_421
    422 1    Tiledrain_422
    423 1    Tiledrain_423
    424 1    Tiledrain_424
    425 1    Tiledrain_425
    426 1    Tiledrain_426
    427 1    Tiledrain_427
    428 1    Tiledrain_428
    429 1    Tiledrain_429
    430 1    Tiledrain_430
    431 1    Tiledrain_431
    432 1    Tiledrain_432
    433 1    Tiledrain_433
    434 1    Tiledrain_434
    435 1    Tiledrain_435
    436 1    Tiledrain_436
    437 1    Tiledrain_437
    438 1    Tiledrain_438
    439 1    Tiledrain_439
    440 1    Tiledrain_440
    441 1    Tiledrain_441
    442 1    Tiledrain_442
    443 1    Tiledrain_443
    444 1    Tiledrain_444
    445 1    Tiledrain_445
    446 1    Tiledrain_446
    447 1    Tiledrain_447
    448 1    Tiledrain_448
    449 1    Tiledrain_449
    450 1    Tiledrain_450
    451 1    Tiledrain_451
    452 1    Tiledrain_452
    453 1    Tiledrain_453
    454 1    Tiledrain_454
    455 1    Tiledrain_455
    456 1    Tiledrain_456
    457 1    Tiledrain_457
    458 1    Tiledrain_458
    459 1    Tiledrain_459
    460 1    Tiledrain_460
    461 1    Tiledrain_461
    462 1    Tiledrain_462
    463 1    Tiledrain_463
    464 1    Tiledrain_464
    465 1    Tiledrain_465
    466 1    Tiledrain_466
    467 1    Tiledrain_467
    468 1    Tiledrain_468
    469 1    Tiledrain_469
    470 1    Tiledrain_470
    471 1    Tiledrain_471
    472 1    Tiledrain_472
    473 1    Tiledrain_473
    474 1    Tiledrain_474
    475 1    Tiledrain_475
    476 1    Tiledrain_476
    477 1    Tiledrain_477
    478 1    Tiledrain_478
    479 1    Tiledrain_479
    480 1    Tiledrain_480
    481 1    Tiledrain_481
    482 1    Tiledrain_482
    483 1    Tiledrain_483
    484 1    Tiledrain_484
    485 1    Tiledrain_485
    486 1    Tiledrain_486
    487 1    Tiledrain_487
    488 1    Tiledrain_488
    489 1    Tiledrain_489
    490 1    Tiledrain_490
    491 1    Tiledrain_491
    492 1    Tiledrain_492
    493 1    Tiledrain_493
    494 1    Tiledrain_494
    495 1    Tiledrain_495
    496 1    Tiledrain_496
    497 1    Tiledrain_497
    498 1    Tiledrain_498
    499 1    Tiledrain_499
    500 1    Tiledrain_500
    501 1    Tiledrain_501
    502 1    Tiledrain_502
    503 1    Tiledrain_503
    504 1    Tiledrain_504
    505 1    Tiledrain_505
    506 1    Tiledrain_506
    507 1    Tiledrain_507
    508 1    Tiledrain_508
    509 1    Tiledrain_509
    510 1    Tiledrain_510
    511 1    Tiledrain_511
    512 1    Tiledrain_512
    513 1    Tiledrain_513
    514 1    Tiledrain_514
    515 1    Tiledrain_515
    516 1    Tiledrain_516
    517 1    Tiledrain_517
    518 1    Tiledrain_518
    519 1    Tiledrain_519
    520 1    Tiledrain_520
    521 1    Tiledrain_521
    522 1    Tiledrain_522
    523 1    Tiledrain_523
    524 1    Tiledrain_524
    525 1    Tiledrain_525
    526 1    Tiledrain_526
    527 1    Tiledrain_527
    528 1    Tiledrain_528
    529 1    Tiledrain_529
    530 1    Tiledrain_530
    531 1    Tiledrain_531
    532 1    Tiledrain_532
    533 1    Tiledrain_533
    534 1    Tiledrain_534
    535 1    Tiledrain_535
    536 1    Tiledrain_536
    537 1    Tiledrain_537
    538 1    Tiledrain_538
    539 1    Tiledrain_539
    540 1    Tiledrain_540
    541 1    Tiledrain_541
    542 1    Tiledrain_542
    543 1    Tiledrain_543
    544 1    Tiledrain_544
    545 1    Tiledrain_545
    546 1    Tiledrain_546
    547 1    Tiledrain_547
    548 1    Tiledrain_548
    549 1    Tiledrain_549
    550 1    Tiledrain_550
    551 1    Tiledrain_551
    552 1    Tiledrain_552
    553 1    Tiledrain_553
    554 1    Tiledrain_554
    555 1    Tiledrain_555
    556 1    Tiledrain_556
    557 1    Tiledrain_557
    558 1    Tiledrain_558
    559 1    Tiledrain_559
    560 1    Tiledrain_560
    561 1    Tiledrain_561
    562 1    Tiledrain_562
    563 1    Tiledrain_563
    564 1    Tiledrain_564
    565 1    Tiledrain_565
    566 1    Tiledrain_566
    567 1    Tiledrain_567
    568 1    Tiledrain_568
    569 1    Tiledrain_569
    570 1    Tiledrain_570
    571 1    Tiledrain_571
    572 1    Tiledrain_572
    573 1    Tiledrain_573
    574 1    Tiledrain_574
    575 1    Tiledrain_575
    576 1    Tiledrain_576
    577 1    Tiledrain_577
    578 1    Tiledrain_578
    579 1    Tiledrain_579
    580 1    Tiledrain_580
    581 1    Tiledrain_581
    582 1    Tiledrain_582
    583 1    Tiledrain_583
    584 1    Tiledrain_584
    585 1    Tiledrain_585
    586 1    Tiledrain_586
    587 1    Tiledrain_587
    588 1    Tiledrain_588
    589 1    Tiledrain_589
    590 1    Tiledrain_590
    591 1    Tiledrain_591
    592 1    Tiledrain_592
    593 1    Tiledrain_593
    594 1    Tiledrain_594
    595 1    Tiledrain_595
    596 1    Tiledrain_596
    597 1    Tiledrain_597
    598 1    Tiledrain_598
    599 1    Tiledrain_599
    600 1    Tiledrain_600
    601 1    Tiledrain_601
    602 1    Tiledrain_602
    603 1    Tiledrain_603
    604 1    Tiledrain_604
    605 1    Tiledrain_605
    606 1    Tiledrain_606
    607 1    Tiledrain_607
    608 1    Tiledrain_608
    609 1    Tiledrain_609
    610 1    Tiledrain_610
    611 1    Tiledrain_611
    612 1    Tiledrain_612
    613 1    Tiledrain_613
    614 1    Tiledrain_614
    615 1    Tiledrain_615
    616 1    Tiledrain_616
    617 1    Tiledrain_617
    618 1    Tiledrain_618
    619 1    Tiledrain_619
    620 1    Tiledrain_620
    621 1    Tiledrain_621
    622 1    Tiledrain_622
    623 1    Tiledrain_623
    624 1    Tiledrain_624
    625 1    Tiledrain_625
    626 1    Tiledrain_626
    627 1    Tiledrain_627
    628 1    Tiledrain_628
    629 1    Tiledrain_629
    630 1    Tiledrain_630
    631 1    Tiledrain_631
    632 1    Tiledrain_632
    633 1    Tiledrain_633
    634 1    Tiledrain_634
    635 1    Tiledrain_635
    636 1    Tiledrain_636
    637 1    Tiledrain_637
    638 1    Tiledrain_638
    639 1    Tiledrain_639
    640 1    Tiledrain_640
    641 1    Tiledrain_641
    642 1    Tiledrain_642
    643 1    Tiledrain_643
    644 1    Tiledrain_644
    645 1    Tiledrain_645
    646 1    Tiledrain_646
    647 1    Tiledrain_647
    648 1    Tiledrain_648
    649 1    Tiledrain_649
    650 1    Tiledrain_650
    651 1    Tiledrain_651
    652 1    Tiledrain_652
    653 1    Tiledrain_653
    654 1    Tiledrain_654
    655 1    Tiledrain_655
    656 1    Tiledrain_656
    657 1    Tiledrain_657
    658 1    Tiledrain_658
    659 1    Tiledrain_659
    660 1    Tiledrain_660
    661 1    Tiledrain_661
    662 1    Tiledrain_662
    663 1    Tiledrain_663
    664 1    Tiledrain_664
    665 1    Tiledrain_665
    666 1    Tiledrain_666
    667 1    Tiledrain_667
    668 1    Tiledrain_668
    669 1    Tiledrain_669
    670 1    Tiledrain_670
    671 1    Tiledrain_671
    672 1    Tiledrain_672
    673 1    Tiledrain_673
    674 1    Tiledrain_674
    675 1    Tiledrain_675
    676 1    Tiledrain_676
    677 1    Tiledrain_677
    678 1    Tiledrain_678
    679 1    Tiledrain_679
    680 1    Tiledrain_680
    681 1    Tiledrain_681
    682 1    Tiledrain_682
    683 1    Tiledrain_683
    684 1    Tiledrain_684
    685 1    Tiledrain_685
    686 1    Tiledrain_686
    687 1    Tiledrain_687
    688 1    Tiledrain_688
    689 1    Tiledrain_689
    690 1    Tiledrain_690
    691 1    Tiledrain_691
    692 1    Tiledrain_692
    693 1    Tiledrain_693
    694 1    Tiledrain_694
    695 1    Tiledrain_695
    696 1    Tiledrain_696
    697 1    Tiledrain_697
    698 1    Tiledrain_698
    699 1    Tiledrain_699
    700 1    Tiledrain_700
    701 1    Tiledrain_701
    702 1    Tiledrain_702
    703 1    Tiledrain_703
    704 1    Tiledrain_704
    705 1    Tiledrain_705
    706 1    Tiledrain_706
    707 1    Tiledrain_707
    708 1    Tiledrain_708
    709 1    Tiledrain_709
    710 1    Tiledrain_710
    711 1    Tiledrain_711
    712 1    Tiledrain_712
    713 1    Tiledrain_713
    714 1    Tiledrain_714
    715 1    Tiledrain_715
    716 1    Tiledrain_716
    717 1    Tiledrain_717
    718 1    Tiledrain_718
    719 1    Tiledrain_719
    720 1    Tiledrain_720
    721 1    Tiledrain_721
    722 1    Tiledrain_722
    723 1    Tiledrain_723
    724 1    Tiledrain_724
    725 1    Tiledrain_725
    726 1    Tiledrain_726
    727 1    Tiledrain_727
    728 1    Tiledrain_728
    729 1    Tiledrain_729
    730 1    Tiledrain_730
    731 1    Tiledrain_731
    732 1    Tiledrain_732
    733 1    Tiledrain_733
    734 1    Tiledrain_734
    735 1    Tiledrain_735
    736 1    Tiledrain_736
    737 1    Tiledrain_737
    738 1    Tiledrain_738
    739 1    Tiledrain_739
    740 1    Tiledrain_740
    741 1    Tiledrain_741
    742 1    Tiledrain_742
    743 1    Tiledrain_743
    744 1    Tiledrain_744
    745 1    Tiledrain_745
    746 1    Tiledrain_746
    747 1    Tiledrain_747
    748 1    Tiledrain_748
    749 1    Tiledrain_749
    750 1    Tiledrain_750
    751 1    Tiledrain_751
    752 1    Tiledrain_752
    753 1    Tiledrain_753
    754 1    Tiledrain_754
    755 1    Tiledrain_755
    756 1    Tiledrain_756
    757 1    Tiledrain_757
    758 1    Tiledrain_758
    759 1    Tiledrain_759
    760 1    Tiledrain_760
    761 1    Tiledrain_761
    762 1    Tiledrain_762
    763 1    Tiledrain_763
    764 1    Tiledrain_764
    765 1    Tiledrain_765
    766 1    Tiledrain_766
    767 1    Tiledrain_767
    768 1    Tiledrain_768
    769 1    Tiledrain_769
    770 1    Tiledrain_770
    771 1    Tiledrain_771
    772 1    Tiledrain_772
    773 1    Tiledrain_773
    774 1    Tiledrain_774
    775 1    Tiledrain_775
    776 1    Tiledrain_776
    777 1    Tiledrain_777
    778 1    Tiledrain_778
    779 1    Tiledrain_779
    780 1    Tiledrain_780
    781 1    Tiledrain_781
    782 1    Tiledrain_782
    783 1    Tiledrain_783
    784 1    Tiledrain_784
    785 1    Tiledrain_785
    786 1    Tiledrain_786
    787 1    Tiledrain_787
    788 1    Tiledrain_788
    789 1    Tiledrain_789
    790 1    Tiledrain_790
    791 1    Tiledrain_791
    792 1    Tiledrain_792
    793 1    Tiledrain_793
    794 1    Tiledrain_794
    795 1    Tiledrain_795
    796 1    Tiledrain_796
    797 1    Tiledrain_797
    798 1    Tiledrain_798
    799 1    Tiledrain_799
    800 1    Tiledrain_800
    801 1    Tiledrain_801
    802 1    Tiledrain_802
    803 1    Tiledrain_803
    804 1    Tiledrain_804
    805 1    Tiledrain_805
    806 1    Tiledrain_806
    807 1    Tiledrain_807
    808 1    Tiledrain_808
    809 1    Tiledrain_809
    810 1    Tiledrain_810
    811 1    Tiledrain_811
    812 1    Tiledrain_812
    813 1    Tiledrain_813
    814 1    Tiledrain_814
    815 1    Tiledrain_815
    816 1    Tiledrain_816
    817 1    Tiledrain_817
    818 1    Tiledrain_818
    819 1    Tiledrain_819
    820 1    Tiledrain_820
    821 1    Tiledrain_821
    822 1    Tiledrain_822
    823 1    Tiledrain_823
    824 1    Tiledrain_824
    825 1    Tiledrain_825
    826 1    Tiledrain_826
    827 1    Tiledrain_827
    828 1    Tiledrain_828
    829 1    Tiledrain_829
    830 1    Tiledrain_830
    831 1    Tiledrain_831
    832 1    Tiledrain_832
    833 1    Tiledrain_833
    834 1    Tiledrain_834
    835 1    Tiledrain_835
    836 1    Tiledrain_836
    837 1    Tiledrain_837
    838 1    Tiledrain_838
    839 1    Tiledrain_839
    840 1    Tiledrain_840
    841 1    Tiledrain_841
    842 1    Tiledrain_842
    843 1    Tiledrain_843
    844 1    Tiledrain_844
    845 1    Tiledrain_845
    846 1    Tiledrain_846
    847 1    Tiledrain_847
    848 1    Tiledrain_848
    849 1    Tiledrain_849
    850 1    Tiledrain_850
    851 1    Tiledrain_851
    852 1    Tiledrain_852
    853 1    Tiledrain_853
    854 1    Tiledrain_854
    855 1    Tiledrain_855
    856 1    Tiledrain_856
    857 1    Tiledrain_857
    858 1    Tiledrain_858
    859 1    Tiledrain_859
    860 1    Tiledrain_860
    861 1    Tiledrain_861
    862 1    Tiledrain_862
    863 1    Tiledrain_863
    864 1    Tiledrain_864
    865 1    Tiledrain_865
    866 1    Tiledrain_866
    867 1    Tiledrain_867
    868 1    Tiledrain_868
    869 1    Tiledrain_869
    870 1    Tiledrain_870
    871 1    Tiledrain_871
    872 1    Tiledrain_872
    873 1    Tiledrain_873
    874 1    Tiledrain_874
    875 1    Tiledrain_875
    876 1    Tiledrain_876
    877 1    Tiledrain_877
    878 1    Tiledrain_878
    879 1    Tiledrain_879
    880 1    Tiledrain_880
    881 1    Tiledrain_881
    882 1    Tiledrain_882
    883 1    Tiledrain_883
    884 1    Tiledrain_884
    885 1    Tiledrain_885
    886 1    Tiledrain_886
    887 1    Tiledrain_887
    888 1    Tiledrain_888
    889 1    Tiledrain_889
    890 1    Tiledrain_890
    891 1    Tiledrain_891
    892 1    Tiledrain_892
    893 1    Tiledrain_893
    894 1    Tiledrain_894
    895 1    Tiledrain_895
    896 1    Tiledrain_896
    897 1    Tiledrain_897
    898 1    Tiledrain_898
    899 1    Tiledrain_899
    900 1    Tiledrain_900
    901 1    Tiledrain_901
    902 1    Tiledrain_902
    903 1    Tiledrain_903
    904 1    Tiledrain_904
    905 1    Tiledrain_905
    906 1    Tiledrain_906
    907 1    Tiledrain_907
    908 1    Tiledrain_908
    909 1    Tiledrain_909
    910 1    Tiledrain_910
    911 1    Tiledrain_911
    912 1    Tiledrain_912
    913 1    Tiledrain_913
    914 1    Tiledrain_914
    915 1    Tiledrain_915
    916 1    Tiledrain_916
    917 1    Tiledrain_917
    918 1    Tiledrain_918
    919 1    Tiledrain_919
    920 1    Tiledrain_920
    921 1    Tiledrain_921
    922 1    Tiledrain_922
    923 1    Tiledrain_923
    924 1    Tiledrain_924
    925 1    Tiledrain_925
    926 1    Tiledrain_926
    927 1    Tiledrain_927
    928 1    Tiledrain_928
    929 1    Tiledrain_929
    930 1    Tiledrain_930
    931 1    Tiledrain_931
    932 1    Tiledrain_932
    933 1    Tiledrain_933
    934 1    Tiledrain_934
    935 1    Tiledrain_935
    936 1    Tiledrain_936
    937 1    Tiledrain_937
    938 1    Tiledrain_938
    939 1    Tiledrain_939
    940 1    Tiledrain_940
    941 1    Tiledrain_941
    942 1    Tiledrain_942
    943 1    Tiledrain_943
    944 1    Tiledrain_944
    945 1    Tiledrain_945
    946 1    Tiledrain_946
    947 1    Tiledrain_947
    948 1    Tiledrain_948
    949 1    Tiledrain_949
    950 1    Tiledrain_950
    951 1    Tiledrain_951
    952 1    Tiledrain_952
    953 1    Tiledrain_953
    954 1    Tiledrain_954
    955 1    Tiledrain_955
    956 1    Tiledrain_956
    957 1    Tiledrain_957
    958 1    Tiledrain_958
    959 1    Tiledrain_959
    960 1    Tiledrain_960
    961 1    Tiledrain_961
    962 1    Tiledrain_962
    963 1    Tiledrain_963
    964 1    Tiledrain_964
    965 1    Tiledrain_965
    966 1    Tiledrain_966
    967 1    Tiledrain_967
    968 1    Tiledrain_968
    969 1    Tiledrain_969
    970 1    Tiledrain_970
    971 1    Tiledrain_971
    972 1    Tiledrain_972
    973 1    Tiledrain_973
    974 1    Tiledrain_974
    975 1    Tiledrain_975
    976 1    Tiledrain_976
    977 1    Tiledrain_977
    978 1    Tiledrain_978
    979 1    Tiledrain_979
    980 1    Tiledrain_980
    981 1    Tiledrain_981
    982 1    Tiledrain_982
    983 1    Tiledrain_983
    984 1    Tiledrain_984
    985 1    Tiledrain_985
    986 1    Tiledrain_986
    987 1    Tiledrain_987
    988 1    Tiledrain_988
    989 1    Tiledrain_989
    990 1    Tiledrain_990
    991 1    Tiledrain_991
    992 1    Tiledrain_992
    993 1    Tiledrain_993
    994 1    Tiledrain_994
    995 1    Tiledrain_995
    996 1    Tiledrain_996
    997 1    Tiledrain_997
    998 1    Tiledrain_998
    999 1    Tiledrain_999
    1000 1    Tiledrain_1000
    1001 1    Tiledrain_1001
    1002 1    Tiledrain_1002
    1003 1    Tiledrain_1003
    1004 1    Tiledrain_1004
    1005 1    Tiledrain_1005
    1006 1    Tiledrain_1006
    1007 1    Tiledrain_1007
    1008 1    Tiledrain_1008
    1009 1    Tiledrain_1009
    1010 1    Tiledrain_1010
    1011 1    Tiledrain_1011
    1012 1    Tiledrain_1012
    1013 1    Tiledrain_1013
    1014 1    Tiledrain_1014
    1015 1    Tiledrain_1015
    1016 1    Tiledrain_1016
    1017 1    Tiledrain_1017
    1018 1    Tiledrain_1018
    1019 1    Tiledrain_1019
    1020 1    Tiledrain_1020
    1021 1    Tiledrain_1021
    1022 1    Tiledrain_1022
    1023 1    Tiledrain_1023
    1024 1    Tiledrain_1024
    1025 1    Tiledrain_1025
    1026 1    Tiledrain_1026
    1027 1    Tiledrain_1027
    1028 1    Tiledrain_1028
    1029 1    Tiledrain_1029
    1030 1    Tiledrain_1030
    1031 1    Tiledrain_1031
    1032 1    Tiledrain_1032
    1033 1    Tiledrain_1033
    1034 1    Tiledrain_1034
    1035 1    Tiledrain_1035
    1036 1    Tiledrain_1036
    1037 1    Tiledrain_1037
    1038 1    Tiledrain_1038
    1039 1    Tiledrain_1039
    1040 1    Tiledrain_1040
    1041 1    Tiledrain_1041
    1042 1    Tiledrain_1042
    1043 1    Tiledrain_1043
    1044 1    Tiledrain_1044
    1045 1    Tiledrain_1045
    1046 1    Tiledrain_1046
    1047 1    Tiledrain_1047
    1048 1    Tiledrain_1048
    1049 1    Tiledrain_1049
    1050 1    Tiledrain_1050
    1051 1    Tiledrain_1051
    1052 1    Tiledrain_1052
    1053 1    Tiledrain_1053
    1054 1    Tiledrain_1054
    1055 1    Tiledrain_1055
    1056 1    Tiledrain_1056
    1057 1    Tiledrain_1057
    1058 1    Tiledrain_1058
    1059 1    Tiledrain_1059
    1060 1    Tiledrain_1060
    1061 1    Tiledrain_1061
    1062 1    Tiledrain_1062
    1063 1    Tiledrain_1063
    1064 1    Tiledrain_1064
    1065 1    Tiledrain_1065
    1066 1    Tiledrain_1066
    1067 1    Tiledrain_1067
    1068 1    Tiledrain_1068
    1069 1    Tiledrain_1069
    1070 1    Tiledrain_1070
    1071 1    Tiledrain_1071
    1072 1    Tiledrain_1072
    1073 1    Tiledrain_1073
    1074 1    Tiledrain_1074
    1075 1    Tiledrain_1075
    1076 1    Tiledrain_1076
    1077 1    Tiledrain_1077
    1078 1    Tiledrain_1078
    1079 1    Tiledrain_1079
    1080 1    Tiledrain_1080
    1081 1    Tiledrain_1081
    1082 1    Tiledrain_1082
    1083 1    Tiledrain_1083
    1084 1    Tiledrain_1084
    1085 1    Tiledrain_1085
    1086 1    Tiledrain_1086
    1087 1    Tiledrain_1087
    1088 1    Tiledrain_1088
    1089 1    Tiledrain_1089
    1090 1    Tiledrain_1090
    1091 1    Tiledrain_1091
    1092 1    Tiledrain_1092
    1093 1    Tiledrain_1093
    1094 1    Tiledrain_1094
    1095 1    Tiledrain_1095
    1096 1    Tiledrain_1096
    1097 1    Tiledrain_1097
    1098 1    Tiledrain_1098
    1099 1    Tiledrain_1099
    1100 1    Tiledrain_1100
    1101 1    Tiledrain_1101
    1102 1    Tiledrain_1102
    1103 1    Tiledrain_1103
    1104 1    Tiledrain_1104
    1105 1    Tiledrain_1105
    1106 1    Tiledrain_1106
    1107 1    Tiledrain_1107
    1108 1    Tiledrain_1108
    1109 1    Tiledrain_1109
    1110 1    Tiledrain_1110
    1111 1    Tiledrain_1111
    1112 1    Tiledrain_1112
    1113 1    Tiledrain_1113
    1114 1    Tiledrain_1114
    1115 1    Tiledrain_1115
    1116 1    Tiledrain_1116
    1117 1    Tiledrain_1117
    1118 1    Tiledrain_1118
    1119 1    Tiledrain_1119
    1120 1    Tiledrain_1120
    1121 1    Tiledrain_1121
    1122 1    Tiledrain_1122
    1123 1    Tiledrain_1123
    1124 1    Tiledrain_1124
    1125 1    Tiledrain_1125
    1126 1    Tiledrain_1126
    1127 1    Tiledrain_1127
    1128 1    Tiledrain_1128
    1129 1    Tiledrain_1129
    1130 1    Tiledrain_1130
    1131 1    Tiledrain_1131
    1132 1    Tiledrain_1132
    1133 1    Tiledrain_1133
    1134 1    Tiledrain_1134
    1135 1    Tiledrain_1135
    1136 1    Tiledrain_1136
    1137 1    Tiledrain_1137
    1138 1    Tiledrain_1138
    1139 1    Tiledrain_1139
    1140 1    Tiledrain_1140
    1141 1    Tiledrain_1141
    1142 1    Tiledrain_1142
    1143 1    Tiledrain_1143
    1144 1    Tiledrain_1144
    1145 1    Tiledrain_1145
    1146 1    Tiledrain_1146
    1147 1    Tiledrain_1147
    1148 1    Tiledrain_1148
    1149 1    Tiledrain_1149
    1150 1    Tiledrain_1150
    1151 1    Tiledrain_1151
    1152 1    Tiledrain_1152
    1153 1    Tiledrain_1153
    1154 1    Tiledrain_1154
    1155 1    Tiledrain_1155
    1156 1    Tiledrain_1156
    1157 1    Tiledrain_1157
    1158 1    Tiledrain_1158
    1159 1    Tiledrain_1159
    1160 1    Tiledrain_1160
    1161 1    Tiledrain_1161
    1162 1    Tiledrain_1162